<<<<<<< HEAD
lambdaTheta = -0.0813955 +/- 0.21542 L(-2 - 2) 
lambdaPhi =  0.034302 +/- 0.089903 L(-2 - 2) 
lambdaThetaPhi =  0.015391 +/- 0.10842 L(-2 - 2) 
lambdaTilde =  0.022274 +/- 0.29243 L(-2 - 2) 
=======
lambdaTheta = -0.103761 +/- 0.21453 L(-2 - 2) 
lambdaPhi =  0.029119 +/- 0.090444 L(-2 - 2) 
lambdaThetaPhi =  0.014929 +/- 0.10832 L(-2 - 2) 
lambdaTilde = -0.0168954 +/- 0.29608 L(-2 - 2) 
>>>>>>> f995c21d2e4f812c87266fc329aba4b379ff6740
