lambdaTheta =  1.1699 +/- 0.37568 L(-2 - 2) 
lambdaPhi = -0.00779157 +/- 0.048738 L(-2 - 2) 
lambdaThetaPhi = -0.123610 +/- 0.094549 L(-2 - 2) 
lambdaTilde =  1.1376 +/- 0.10223 L(-2 - 2) 
