lambdaTheta = -0.390505 +/- 0.22838 L(-2 - 2) 
lambdaPhi =  0.17214 +/- 0.091895 L(-2 - 2) 
lambdaThetaPhi = -0.00177918 +/- 0.13560 L(-2 - 2) 
lambdaTilde =  0.15210 +/- 0.33505 L(-2 - 2) 
