<<<<<<< HEAD
lambdaTheta = -0.0345594 +/- 0.16018 L(-2 - 2) 
lambdaPhi =  0.066869 +/- 0.16316 L(-2 - 2) 
lambdaThetaPhi = -0.122365 +/- 0.12215 L(-2 - 2) 
lambdaTilde =  0.17795 +/- 0.52351 L(-2 - 2) 
=======
lambdaTheta = -0.0276657 +/- 0.16198 L(-2 - 2) 
lambdaPhi =  0.055566 +/- 0.16582 L(-2 - 2) 
lambdaThetaPhi = -0.123742 +/- 0.12297 L(-2 - 2) 
lambdaTilde =  0.14721 +/- 0.53076 L(-2 - 2) 
>>>>>>> f995c21d2e4f812c87266fc329aba4b379ff6740
