lambdaTheta = -0.133449 +/- 0.22285 L(-2 - 2) 
lambdaPhi =  0.013297 +/- 0.066284 L(-2 - 2) 
lambdaThetaPhi =  0.00084424 +/- 0.12258 L(-2 - 2) 
lambdaTilde = -0.0948182 +/- 0.21849 L(-2 - 2) 
