<<<<<<< HEAD
lambdaTheta = -0.254064 +/- 0.21782 L(-2 - 2) 
lambdaPhi =  0.075159 +/- 0.097941 L(-2 - 2) 
lambdaThetaPhi = -0.0522837 +/- 0.11184 L(-2 - 2) 
lambdaTilde = -0.0309089 +/- 0.33799 L(-2 - 2) 
=======
lambdaTheta = -0.260818 +/- 0.18167 L(-2 - 2) 
lambdaPhi =  0.089773 +/- 0.081604 L(-2 - 2) 
lambdaThetaPhi = -0.0451331 +/- 0.092118 L(-2 - 2) 
lambdaTilde =  0.0093403 +/- 0.28271 L(-2 - 2) 
>>>>>>> f995c21d2e4f812c87266fc329aba4b379ff6740
