lambdaTheta =  0.081689 +/- 0.22941 L(-2 - 2) 
lambdaPhi = -0.0594088 +/- 0.052882 L(-2 - 2) 
lambdaThetaPhi = -0.0159883 +/- 0.082253 L(-2 - 2) 
lambdaTilde = -0.0911236 +/- 0.16217 L(-2 - 2) 
