lambdaTheta = -0.0813955 +/- 0.21542 L(-2 - 2) 
lambdaPhi =  0.034302 +/- 0.089903 L(-2 - 2) 
lambdaThetaPhi =  0.015391 +/- 0.10842 L(-2 - 2) 
lambdaTilde =  0.022274 +/- 0.29243 L(-2 - 2) 
