lambdaTheta = -0.0276657 +/- 0.16198 L(-2 - 2) 
lambdaPhi =  0.055566 +/- 0.16582 L(-2 - 2) 
lambdaThetaPhi = -0.123742 +/- 0.12297 L(-2 - 2) 
lambdaTilde =  0.14721 +/- 0.53076 L(-2 - 2) 
