lambdaTheta = -0.254064 +/- 0.21782 L(-2 - 2) 
lambdaPhi =  0.075159 +/- 0.097941 L(-2 - 2) 
lambdaThetaPhi = -0.0522837 +/- 0.11184 L(-2 - 2) 
lambdaTilde = -0.0309089 +/- 0.33799 L(-2 - 2) 
