lambdaTheta = -0.0345594 +/- 0.16018 L(-2 - 2) 
lambdaPhi =  0.066869 +/- 0.16316 L(-2 - 2) 
lambdaThetaPhi = -0.122365 +/- 0.12215 L(-2 - 2) 
lambdaTilde =  0.17795 +/- 0.52351 L(-2 - 2) 
