lambdaTheta =  0.45037 +/- 0.33482 L(-2 - 2) 
lambdaPhi = -0.114702 +/- 0.050171 L(-2 - 2) 
lambdaThetaPhi = -0.0592215 +/- 0.098461 L(-2 - 2) 
lambdaTilde =  0.095332 +/- 0.13827 L(-2 - 2) 
