lambdaTheta =  0.31753 +/- 0.23088 L(-2 - 2) 
lambdaPhi =  0.011249 +/- 0.059550 L(-2 - 2) 
lambdaThetaPhi =  0.18087 +/- 0.089707 L(-2 - 2) 
lambdaTilde =  0.35527 +/- 0.17029 L(-2 - 2) 
