lambdaTheta =  0.075205 +/- 0.18974 L(-2 - 2) 
lambdaPhi = -0.147903 +/- 0.052687 L(-2 - 2) 
lambdaThetaPhi = -0.0358441 +/- 0.11100 L(-2 - 2) 
lambdaTilde = -0.321024 +/- 0.15919 L(-2 - 2) 
