lambdaTheta = -0.615145 +/- 0.34863 L(-2 - 2) 
lambdaPhi =  0.31514 +/- 0.091337 L(-2 - 2) 
lambdaThetaPhi = -0.102451 +/- 0.13391 L(-2 - 2) 
lambdaTilde =  0.48225 +/- 0.36130 L(-2 - 2) 
