lambdaTheta =  0.24538 +/- 0.18144 L(-2 - 2) 
lambdaPhi =  0.046925 +/- 0.027042 L(-2 - 2) 
lambdaThetaPhi =  0.15276 +/- 0.071833 L(-2 - 2) 
lambdaTilde =  0.40516 +/- 0.078901 L(-2 - 2) 
