lambdaTheta =  0.34081 +/- 0.23591 L(-2 - 2) 
lambdaPhi = -0.00690204 +/- 0.10199 L(-2 - 2) 
lambdaThetaPhi =  0.059714 +/- 0.11094 L(-2 - 2) 
lambdaTilde =  0.31791 +/- 0.28994 L(-2 - 2) 
