lambdaTheta =  0.34527 +/- 0.23815 L(-2 - 2) 
lambdaPhi = -0.0205833 +/- 0.10387 L(-2 - 2) 
lambdaThetaPhi =  0.059934 +/- 0.11164 L(-2 - 2) 
lambdaTilde =  0.27780 +/- 0.29517 L(-2 - 2) 
