lambdaTheta = -0.608288 +/- 0.34833 L(-2 - 2) 
lambdaPhi =  0.31703 +/- 0.090990 L(-2 - 2) 
lambdaThetaPhi = -0.103497 +/- 0.13379 L(-2 - 2) 
lambdaTilde =  0.50195 +/- 0.35849 L(-2 - 2) 
