lambdaTheta = -0.335730 +/- 0.14632 L(-2 - 2) 
lambdaPhi =  0.0074350 +/- 0.027525 L(-2 - 2) 
lambdaThetaPhi =  0.045670 +/- 0.057565 L(-2 - 2) 
lambdaTilde = -0.315773 +/- 0.096041 L(-2 - 2) 
