lambdaTheta =  0.58210 +/- 0.45751 L(-2 - 2) 
lambdaPhi = -0.205327 +/- 0.15923 L(-2 - 2) 
lambdaThetaPhi =  0.11089 +/- 0.17320 L(-2 - 2) 
lambdaTilde = -0.0281131 +/- 0.42128 L(-2 - 2) 
