lambdaTheta = -0.260818 +/- 0.18167 L(-2 - 2) 
lambdaPhi =  0.089773 +/- 0.081604 L(-2 - 2) 
lambdaThetaPhi = -0.0451331 +/- 0.092118 L(-2 - 2) 
lambdaTilde =  0.0093403 +/- 0.28271 L(-2 - 2) 
