lambdaTheta =  0.36153 +/- 0.17956 L(-2 - 2) 
lambdaPhi = -0.119573 +/- 0.046919 L(-2 - 2) 
lambdaThetaPhi =  0.061029 +/- 0.10881 L(-2 - 2) 
lambdaTilde =  0.0025143 +/- 0.13243 L(-2 - 2) 
