lambdaTheta =  0.33541 +/- 0.23132 L(-2 - 2) 
lambdaPhi =  0.017065 +/- 0.059231 L(-2 - 2) 
lambdaThetaPhi =  0.18027 +/- 0.089751 L(-2 - 2) 
lambdaTilde =  0.39332 +/- 0.16824 L(-2 - 2) 
