lambdaTheta =  0.21413 +/- 0.23891 L(-2 - 2) 
lambdaPhi =  0.12315 +/- 0.094668 L(-2 - 2) 
lambdaThetaPhi =  0.067580 +/- 0.11604 L(-2 - 2) 
lambdaTilde =  0.66554 +/- 0.27419 L(-2 - 2) 
