lambdaJohnson =  0.12908 +/- 0.0051968 L(0.001 - 5) 
gammaJohnson =  0.42100 +/- 0.038244 L(-5 - 5) 
deltaJohnson =  1.3140 +/- 0.043294 L(0.01 - 10) 
