lambdaJohnson =  0.11577 +/- 0.0068423 L(0.001 - 5) 
gammaJohnson =  0.34683 +/- 0.041293 L(-5 - 5) 
deltaJohnson =  1.2068 +/- 0.053933 L(0.01 - 10) 
