lambdaJohnson =  0.10319 +/- 0.010582 L(0.001 - 5) 
gammaJohnson =  0.45199 +/- 0.081398 L(-5 - 5) 
deltaJohnson =  1.2191 +/- 0.095522 L(0.01 - 10) 
