lambdaJohnson =  0.10825 +/- 0.0037453 L(0.001 - 5) 
gammaJohnson =  0.39097 +/- 0.030016 L(-5 - 5) 
deltaJohnson =  1.2533 +/- 0.033177 L(0.01 - 10) 
