lambdaJohnson =  0.10856 +/- 0.0076318 L(0.001 - 5) 
gammaJohnson =  0.39901 +/- 0.062231 L(-5 - 5) 
deltaJohnson =  1.1998 +/- 0.066393 L(0.01 - 10) 
