lambdaJohnson =  0.093978 +/- 0.0027044 L(0.001 - 5) 
gammaJohnson =  0.38085 +/- 0.021198 L(-5 - 5) 
deltaJohnson =  1.1158 +/- 0.024059 L(0.01 - 10) 
