lambdaJohnson =  0.095662 +/- 0.0035303 L(0.001 - 5) 
gammaJohnson =  0.30821 +/- 0.029575 L(-5 - 5) 
deltaJohnson =  1.1252 +/- 0.031559 L(0.01 - 10) 
