lambdaJohnson =  0.11623 +/- 0.0087055 L(0.001 - 5) 
gammaJohnson =  0.31555 +/- 0.064692 L(-5 - 5) 
deltaJohnson =  1.2624 +/- 0.072837 L(0.01 - 10) 
