lambdaJohnson =  0.12785 +/- 0.0066203 L(0.001 - 5) 
gammaJohnson =  0.26467 +/- 0.043381 L(-5 - 5) 
deltaJohnson =  1.2529 +/- 0.050561 L(0.01 - 10) 
