lambdaJohnson =  0.12032 +/- 0.0062713 L(0.001 - 5) 
gammaJohnson =  0.32830 +/- 0.040828 L(-5 - 5) 
deltaJohnson =  1.2018 +/- 0.048301 L(0.01 - 10) 
