lambdaJohnson =  0.10874 +/- 0.0041572 L(0.001 - 5) 
gammaJohnson =  0.40860 +/- 0.033725 L(-5 - 5) 
deltaJohnson =  1.2280 +/- 0.037000 L(0.01 - 10) 
