lambdaJohnson =  0.091581 +/- 0.0021709 L(0.001 - 5) 
gammaJohnson =  0.33995 +/- 0.018198 L(-5 - 5) 
deltaJohnson =  1.0963 +/- 0.019219 L(0.01 - 10) 
