lambdaJohnson =  0.10842 +/- 0.0039215 L(0.001 - 5) 
gammaJohnson =  0.46965 +/- 0.034211 L(-5 - 5) 
deltaJohnson =  1.2367 +/- 0.035372 L(0.01 - 10) 
