lambdaJohnson =  0.086341 +/- 0.0032228 L(0.001 - 5) 
gammaJohnson =  0.28117 +/- 0.026914 L(-5 - 5) 
deltaJohnson =  1.0462 +/- 0.028930 L(0.01 - 10) 
