lambdaJohnson =  0.10684 +/- 0.0044750 L(0.001 - 5) 
gammaJohnson =  0.38169 +/- 0.035476 L(-5 - 5) 
deltaJohnson =  1.2249 +/- 0.039025 L(0.01 - 10) 
