lambdaJohnson =  0.11816 +/- 0.0045161 L(0.001 - 5) 
gammaJohnson =  0.38591 +/- 0.033746 L(-5 - 5) 
deltaJohnson =  1.2878 +/- 0.038592 L(0.01 - 10) 
