lambdaJohnson =  0.093620 +/- 0.0022923 L(0.001 - 5) 
gammaJohnson =  0.35665 +/- 0.018532 L(-5 - 5) 
deltaJohnson =  1.1222 +/- 0.020281 L(0.01 - 10) 
