lambdaJohnson =  0.084630 +/- 0.0033088 L(0.001 - 5) 
gammaJohnson =  0.32681 +/- 0.027278 L(-5 - 5) 
deltaJohnson =  1.0519 +/- 0.030050 L(0.01 - 10) 
