lambdaJohnson =  0.12161 +/- 0.013518 L(0.001 - 5) 
gammaJohnson =  0.66357 +/- 0.12069 L(-5 - 5) 
deltaJohnson =  1.3600 +/- 0.12311 L(0.01 - 10) 
