lambdaJohnson =  0.090588 +/- 0.0032495 L(0.001 - 5) 
gammaJohnson =  0.31058 +/- 0.026904 L(-5 - 5) 
deltaJohnson =  1.0908 +/- 0.028665 L(0.01 - 10) 
