lambdaJohnson =  0.13410 +/- 0.0093831 L(0.001 - 5) 
gammaJohnson =  0.34183 +/- 0.069424 L(-5 - 5) 
deltaJohnson =  1.3396 +/- 0.075059 L(0.01 - 10) 
