lambdaJohnson =  0.089182 +/- 0.0034945 L(0.001 - 5) 
gammaJohnson =  0.30120 +/- 0.029824 L(-5 - 5) 
deltaJohnson =  1.0804 +/- 0.031477 L(0.01 - 10) 
