lambdaJohnson =  0.14111 +/- 0.0067749 L(0.001 - 5) 
gammaJohnson =  0.40964 +/- 0.042503 L(-5 - 5) 
deltaJohnson =  1.3602 +/- 0.051513 L(0.01 - 10) 
