lambdaJohnson =  0.10218 +/- 0.0054347 L(0.001 - 5) 
gammaJohnson =  0.37338 +/- 0.047646 L(-5 - 5) 
deltaJohnson =  1.1433 +/- 0.048965 L(0.01 - 10) 
