lambdaJohnson =  0.095766 +/- 0.0039683 L(0.001 - 5) 
gammaJohnson =  0.36135 +/- 0.033627 L(-5 - 5) 
deltaJohnson =  1.1547 +/- 0.035934 L(0.01 - 10) 
