lambdaJohnson =  0.12096 +/- 0.0051776 L(0.001 - 5) 
gammaJohnson =  0.32525 +/- 0.035275 L(-5 - 5) 
deltaJohnson =  1.2324 +/- 0.041822 L(0.01 - 10) 
