lambdaJohnson =  0.097826 +/- 0.0026763 L(0.001 - 5) 
gammaJohnson =  0.35662 +/- 0.021841 L(-5 - 5) 
deltaJohnson =  1.1609 +/- 0.023689 L(0.01 - 10) 
