lambdaJohnson =  0.096351 +/- 0.0024037 L(0.001 - 5) 
gammaJohnson =  0.37933 +/- 0.019582 L(-5 - 5) 
deltaJohnson =  1.1430 +/- 0.021243 L(0.01 - 10) 
