lambdaJohnson =  0.095198 +/- 0.0024651 L(0.001 - 5) 
gammaJohnson =  0.35657 +/- 0.019827 L(-5 - 5) 
deltaJohnson =  1.1310 +/- 0.021846 L(0.01 - 10) 
