lambdaJohnson =  0.12461 +/- 0.0057007 L(0.001 - 5) 
gammaJohnson =  0.34751 +/- 0.038287 L(-5 - 5) 
deltaJohnson =  1.2648 +/- 0.044455 L(0.01 - 10) 
