lambdaJohnson =  0.14365 +/- 0.0072475 L(0.001 - 5) 
gammaJohnson =  0.33648 +/- 0.037783 L(-5 - 5) 
deltaJohnson =  1.3422 +/- 0.052476 L(0.01 - 10) 
