lambdaJohnson =  0.099498 +/- 0.010565 L(0.001 - 5) 
gammaJohnson =  0.46129 +/- 0.096131 L(-5 - 5) 
deltaJohnson =  1.1949 +/- 0.097478 L(0.01 - 10) 
