lambdaJohnson =  0.097964 +/- 0.0036506 L(0.001 - 5) 
gammaJohnson =  0.38059 +/- 0.032536 L(-5 - 5) 
deltaJohnson =  1.1954 +/- 0.034032 L(0.01 - 10) 
