lambdaJohnson =  0.13611 +/- 0.0059767 L(0.001 - 5) 
gammaJohnson =  0.46605 +/- 0.037945 L(-5 - 5) 
deltaJohnson =  1.3240 +/- 0.046589 L(0.01 - 10) 
