lambdaJohnson =  0.11948 +/- 0.0095002 L(0.001 - 5) 
gammaJohnson =  0.39109 +/- 0.066305 L(-5 - 5) 
deltaJohnson =  1.2715 +/- 0.078491 L(0.01 - 10) 
