lambdaJohnson =  0.11977 +/- 0.012812 L(0.001 - 5) 
gammaJohnson =  0.50457 +/- 0.092067 L(-5 - 5) 
deltaJohnson =  1.3519 +/- 0.11542 L(0.01 - 10) 
