lambdaJohnson =  0.095445 +/- 0.0068799 L(0.001 - 5) 
gammaJohnson =  0.33669 +/- 0.045144 L(-5 - 5) 
deltaJohnson =  1.1307 +/- 0.056584 L(0.01 - 10) 
