lambdaJohnson =  0.095746 +/- 0.0041206 L(0.001 - 5) 
gammaJohnson =  0.43658 +/- 0.037022 L(-5 - 5) 
deltaJohnson =  1.1391 +/- 0.038050 L(0.01 - 10) 
