lambdaJohnson =  0.12041 +/- 0.0082210 L(0.001 - 5) 
gammaJohnson =  0.27734 +/- 0.054475 L(-5 - 5) 
deltaJohnson =  1.2317 +/- 0.063117 L(0.01 - 10) 
