lambdaJohnson =  0.10906 +/- 0.0046049 L(0.001 - 5) 
gammaJohnson =  0.42504 +/- 0.040365 L(-5 - 5) 
deltaJohnson =  1.2913 +/- 0.042707 L(0.01 - 10) 
