lambdaJohnson =  0.094732 +/- 0.0028280 L(0.001 - 5) 
gammaJohnson =  0.31298 +/- 0.022504 L(-5 - 5) 
deltaJohnson =  1.1160 +/- 0.024665 L(0.01 - 10) 
