lambdaJohnson =  0.095570 +/- 0.0071647 L(0.001 - 5) 
gammaJohnson =  0.36947 +/- 0.055217 L(-5 - 5) 
deltaJohnson =  1.0972 +/- 0.062494 L(0.01 - 10) 
