lambdaJohnson =  0.11089 +/- 0.0087874 L(0.001 - 5) 
gammaJohnson =  0.40211 +/- 0.066433 L(-5 - 5) 
deltaJohnson =  1.2180 +/- 0.073001 L(0.01 - 10) 
