lambdaJohnson =  0.10566 +/- 0.011992 L(0.001 - 5) 
gammaJohnson =  0.50807 +/- 0.093045 L(-5 - 5) 
deltaJohnson =  1.2477 +/- 0.10655 L(0.01 - 10) 
