lambdaJohnson =  0.12578 +/- 0.010269 L(0.001 - 5) 
gammaJohnson =  0.39139 +/- 0.076334 L(-5 - 5) 
deltaJohnson =  1.3208 +/- 0.088155 L(0.01 - 10) 
