lambdaJohnson =  0.12399 +/- 0.0094848 L(0.001 - 5) 
gammaJohnson =  0.29637 +/- 0.054038 L(-5 - 5) 
deltaJohnson =  1.2418 +/- 0.071029 L(0.01 - 10) 
