lambdaJohnson =  0.11319 +/- 0.0039873 L(0.001 - 5) 
gammaJohnson =  0.42009 +/- 0.032116 L(-5 - 5) 
deltaJohnson =  1.2818 +/- 0.035185 L(0.01 - 10) 
