lambdaJohnson =  0.12206 +/- 0.0052505 L(0.001 - 5) 
gammaJohnson =  0.33971 +/- 0.032143 L(-5 - 5) 
deltaJohnson =  1.2734 +/- 0.041339 L(0.01 - 10) 
