lambdaJohnson =  0.11311 +/- 0.0049244 L(0.001 - 5) 
gammaJohnson =  0.39298 +/- 0.031500 L(-5 - 5) 
deltaJohnson =  1.1859 +/- 0.039139 L(0.01 - 10) 
