lambdaJohnson =  0.13973 +/- 0.0083249 L(0.001 - 5) 
gammaJohnson =  0.38524 +/- 0.045820 L(-5 - 5) 
deltaJohnson =  1.3352 +/- 0.061780 L(0.01 - 10) 
