lambdaJohnson =  0.092112 +/- 0.0031624 L(0.001 - 5) 
gammaJohnson =  0.32473 +/- 0.027249 L(-5 - 5) 
deltaJohnson =  1.1329 +/- 0.028740 L(0.01 - 10) 
