lambdaJohnson =  0.12954 +/- 0.0094261 L(0.001 - 5) 
gammaJohnson =  0.38545 +/- 0.062719 L(-5 - 5) 
deltaJohnson =  1.3506 +/- 0.075141 L(0.01 - 10) 
