lambdaJohnson =  0.10324 +/- 0.011355 L(0.001 - 5) 
gammaJohnson =  0.16961 +/- 0.088340 L(-5 - 5) 
deltaJohnson =  1.1977 +/- 0.10701 L(0.01 - 10) 
