lambdaJohnson =  0.10410 +/- 0.0082626 L(0.001 - 5) 
gammaJohnson =  0.40889 +/- 0.061191 L(-5 - 5) 
deltaJohnson =  1.1969 +/- 0.069752 L(0.01 - 10) 
