lambdaJohnson =  0.10913 +/- 0.0047700 L(0.001 - 5) 
gammaJohnson =  0.42199 +/- 0.041203 L(-5 - 5) 
deltaJohnson =  1.2686 +/- 0.043595 L(0.01 - 10) 
