lambdaJohnson =  0.10243 +/- 0.0033315 L(0.001 - 5) 
gammaJohnson =  0.39224 +/- 0.027340 L(-5 - 5) 
deltaJohnson =  1.1835 +/- 0.029534 L(0.01 - 10) 
