lambdaJohnson =  0.11909 +/- 0.0043841 L(0.001 - 5) 
gammaJohnson =  0.31981 +/- 0.027241 L(-5 - 5) 
deltaJohnson =  1.2123 +/- 0.033908 L(0.01 - 10) 
