lambdaJohnson =  0.11836 +/- 0.0095157 L(0.001 - 5) 
gammaJohnson =  0.41320 +/- 0.068949 L(-5 - 5) 
deltaJohnson =  1.3262 +/- 0.081609 L(0.01 - 10) 
