lambdaJohnson =  0.11323 +/- 0.0084852 L(0.001 - 5) 
gammaJohnson =  0.41587 +/- 0.070735 L(-5 - 5) 
deltaJohnson =  1.2108 +/- 0.071457 L(0.01 - 10) 
