lambdaJohnson =  0.091319 +/- 0.0067819 L(0.001 - 5) 
gammaJohnson =  0.43573 +/- 0.054225 L(-5 - 5) 
deltaJohnson =  1.0811 +/- 0.058872 L(0.01 - 10) 
