lambdaJohnson =  0.11690 +/- 0.0044909 L(0.001 - 5) 
gammaJohnson =  0.43518 +/- 0.033994 L(-5 - 5) 
deltaJohnson =  1.2825 +/- 0.038366 L(0.01 - 10) 
