lambdaJohnson =  0.091729 +/- 0.0034936 L(0.001 - 5) 
gammaJohnson =  0.33549 +/- 0.027055 L(-5 - 5) 
deltaJohnson =  1.0919 +/- 0.030449 L(0.01 - 10) 
