lambdaJohnson =  0.095036 +/- 0.0065550 L(0.001 - 5) 
gammaJohnson =  0.24598 +/- 0.054051 L(-5 - 5) 
deltaJohnson =  1.0437 +/- 0.054934 L(0.01 - 10) 
