lambdaJohnson =  0.13152 +/- 0.0094772 L(0.001 - 5) 
gammaJohnson =  0.46178 +/- 0.069838 L(-5 - 5) 
deltaJohnson =  1.3858 +/- 0.080699 L(0.01 - 10) 
