lambdaJohnson =  0.093534 +/- 0.0023833 L(0.001 - 5) 
gammaJohnson =  0.35328 +/- 0.019302 L(-5 - 5) 
deltaJohnson =  1.1137 +/- 0.021082 L(0.01 - 10) 
