lambdaJohnson =  0.10453 +/- 0.0075782 L(0.001 - 5) 
gammaJohnson =  0.34260 +/- 0.056658 L(-5 - 5) 
deltaJohnson =  1.1663 +/- 0.062769 L(0.01 - 10) 
