lambdaJohnson =  0.11045 +/- 0.0087579 L(0.001 - 5) 
gammaJohnson =  0.28971 +/- 0.062755 L(-5 - 5) 
deltaJohnson =  1.2248 +/- 0.075470 L(0.01 - 10) 
