lambdaJohnson =  0.10473 +/- 0.0033238 L(0.001 - 5) 
gammaJohnson =  0.32337 +/- 0.027220 L(-5 - 5) 
deltaJohnson =  1.1940 +/- 0.028970 L(0.01 - 10) 
