lambdaJohnson =  0.11405 +/- 0.0041329 L(0.001 - 5) 
gammaJohnson =  0.35216 +/- 0.027499 L(-5 - 5) 
deltaJohnson =  1.2084 +/- 0.033379 L(0.01 - 10) 
