lambdaJohnson =  0.097343 +/- 0.0029549 L(0.001 - 5) 
gammaJohnson =  0.29668 +/- 0.022462 L(-5 - 5) 
deltaJohnson =  1.1330 +/- 0.025287 L(0.01 - 10) 
