lambdaJohnson =  0.10210 +/- 0.0053508 L(0.001 - 5) 
gammaJohnson =  0.33593 +/- 0.041568 L(-5 - 5) 
deltaJohnson =  1.1579 +/- 0.045980 L(0.01 - 10) 
