lambdaJohnson =  0.10345 +/- 0.012624 L(0.001 - 5) 
gammaJohnson =  0.33439 +/- 0.077348 L(-5 - 5) 
deltaJohnson =  1.2747 +/- 0.11063 L(0.01 - 10) 
