lambdaJohnson =  0.12144 +/- 0.0085253 L(0.001 - 5) 
gammaJohnson =  0.37171 +/- 0.065781 L(-5 - 5) 
deltaJohnson =  1.3029 +/- 0.074366 L(0.01 - 10) 
