lambdaJohnson =  0.097999 +/- 0.0061698 L(0.001 - 5) 
gammaJohnson =  0.38264 +/- 0.054187 L(-5 - 5) 
deltaJohnson =  1.1356 +/- 0.054150 L(0.01 - 10) 
