lambdaJohnson =  0.10186 +/- 0.0037104 L(0.001 - 5) 
gammaJohnson =  0.32632 +/- 0.030933 L(-5 - 5) 
deltaJohnson =  1.1918 +/- 0.032669 L(0.01 - 10) 
