lambdaJohnson =  0.096892 +/- 0.0035185 L(0.001 - 5) 
gammaJohnson =  0.36912 +/- 0.028838 L(-5 - 5) 
deltaJohnson =  1.1802 +/- 0.032596 L(0.01 - 10) 
