lambdaJohnson =  0.11193 +/- 0.0081669 L(0.001 - 5) 
gammaJohnson =  0.32512 +/- 0.057076 L(-5 - 5) 
deltaJohnson =  1.1852 +/- 0.065282 L(0.01 - 10) 
