lambdaJohnson =  0.099903 +/- 0.0068911 L(0.001 - 5) 
gammaJohnson =  0.44530 +/- 0.060412 L(-5 - 5) 
deltaJohnson =  1.1684 +/- 0.061363 L(0.01 - 10) 
