lambdaJohnson =  0.097026 +/- 0.0041303 L(0.001 - 5) 
gammaJohnson =  0.39271 +/- 0.035986 L(-5 - 5) 
deltaJohnson =  1.1754 +/- 0.037834 L(0.01 - 10) 
