lambdaJohnson =  0.10913 +/- 0.012272 L(0.001 - 5) 
gammaJohnson =  0.35729 +/- 0.091019 L(-5 - 5) 
deltaJohnson =  1.2196 +/- 0.10328 L(0.01 - 10) 
