lambdaJohnson =  0.098440 +/- 0.0026338 L(0.001 - 5) 
gammaJohnson =  0.37095 +/- 0.020173 L(-5 - 5) 
deltaJohnson =  1.1445 +/- 0.022762 L(0.01 - 10) 
