lambdaJohnson =  0.10571 +/- 0.0073140 L(0.001 - 5) 
gammaJohnson =  0.40277 +/- 0.055020 L(-5 - 5) 
deltaJohnson =  1.1718 +/- 0.062553 L(0.01 - 10) 
