lambdaJohnson =  0.13008 +/- 0.0058316 L(0.001 - 5) 
gammaJohnson =  0.44446 +/- 0.035023 L(-5 - 5) 
deltaJohnson =  1.3129 +/- 0.045721 L(0.01 - 10) 
