lambdaJohnson =  0.11510 +/- 0.0050032 L(0.001 - 5) 
gammaJohnson =  0.41908 +/- 0.039505 L(-5 - 5) 
deltaJohnson =  1.3030 +/- 0.044021 L(0.01 - 10) 
