lambdaJohnson =  0.099784 +/- 0.0028962 L(0.001 - 5) 
gammaJohnson =  0.36108 +/- 0.022450 L(-5 - 5) 
deltaJohnson =  1.1699 +/- 0.025308 L(0.01 - 10) 
