lambdaJohnson =  0.12525 +/- 0.0052095 L(0.001 - 5) 
gammaJohnson =  0.33238 +/- 0.035503 L(-5 - 5) 
deltaJohnson =  1.2648 +/- 0.041762 L(0.01 - 10) 
