lambdaJohnson =  0.12473 +/- 0.0076520 L(0.001 - 5) 
gammaJohnson =  0.30697 +/- 0.043777 L(-5 - 5) 
deltaJohnson =  1.2531 +/- 0.057756 L(0.01 - 10) 
