lambdaJohnson =  0.10551 +/- 0.012250 L(0.001 - 5) 
gammaJohnson =  0.46184 +/- 0.10850 L(-5 - 5) 
deltaJohnson =  1.1411 +/- 0.10428 L(0.01 - 10) 
