lambdaJohnson =  0.12548 +/- 0.0081281 L(0.001 - 5) 
gammaJohnson =  0.53358 +/- 0.064797 L(-5 - 5) 
deltaJohnson =  1.2863 +/- 0.068485 L(0.01 - 10) 
