lambdaJohnson =  0.099786 +/- 0.0044821 L(0.001 - 5) 
gammaJohnson =  0.34244 +/- 0.035694 L(-5 - 5) 
deltaJohnson =  1.1475 +/- 0.040214 L(0.01 - 10) 
