lambdaJohnson =  0.11266 +/- 0.0083980 L(0.001 - 5) 
gammaJohnson =  0.37529 +/- 0.065824 L(-5 - 5) 
deltaJohnson =  1.2415 +/- 0.072173 L(0.01 - 10) 
