lambdaJohnson =  0.11497 +/- 0.0091840 L(0.001 - 5) 
gammaJohnson =  0.32252 +/- 0.057431 L(-5 - 5) 
deltaJohnson =  1.2346 +/- 0.072761 L(0.01 - 10) 
