lambdaJohnson =  0.097805 +/- 0.0025227 L(0.001 - 5) 
gammaJohnson =  0.35564 +/- 0.019512 L(-5 - 5) 
deltaJohnson =  1.1612 +/- 0.022171 L(0.01 - 10) 
