lambdaJohnson =  0.10718 +/- 0.0054018 L(0.001 - 5) 
gammaJohnson =  0.33084 +/- 0.043062 L(-5 - 5) 
deltaJohnson =  1.2085 +/- 0.046924 L(0.01 - 10) 
