lambdaJohnson =  0.11210 +/- 0.013568 L(0.001 - 5) 
gammaJohnson =  0.30148 +/- 0.099590 L(-5 - 5) 
deltaJohnson =  1.2285 +/- 0.12234 L(0.01 - 10) 
