lambdaJohnson =  0.13017 +/- 0.0050205 L(0.001 - 5) 
gammaJohnson =  0.47186 +/- 0.034984 L(-5 - 5) 
deltaJohnson =  1.3164 +/- 0.040282 L(0.01 - 10) 
