lambdaJohnson =  0.094468 +/- 0.0026149 L(0.001 - 5) 
gammaJohnson =  0.36512 +/- 0.021373 L(-5 - 5) 
deltaJohnson =  1.1451 +/- 0.023408 L(0.01 - 10) 
