lambdaJohnson =  0.11846 +/- 0.0092466 L(0.001 - 5) 
gammaJohnson =  0.36299 +/- 0.061879 L(-5 - 5) 
deltaJohnson =  1.3039 +/- 0.075512 L(0.01 - 10) 
