lambdaJohnson =  0.13751 +/- 0.0086198 L(0.001 - 5) 
gammaJohnson =  0.41635 +/- 0.047328 L(-5 - 5) 
deltaJohnson =  1.3428 +/- 0.064903 L(0.01 - 10) 
