lambdaJohnson =  0.12036 +/- 0.0094602 L(0.001 - 5) 
gammaJohnson =  0.49572 +/- 0.065362 L(-5 - 5) 
deltaJohnson =  1.2869 +/- 0.077053 L(0.01 - 10) 
