lambdaJohnson =  0.12579 +/- 0.0052028 L(0.001 - 5) 
gammaJohnson =  0.44006 +/- 0.036343 L(-5 - 5) 
deltaJohnson =  1.2931 +/- 0.042227 L(0.01 - 10) 
