lambdaJohnson =  0.14408 +/- 0.0068176 L(0.001 - 5) 
gammaJohnson =  0.30441 +/- 0.037640 L(-5 - 5) 
deltaJohnson =  1.3322 +/- 0.048846 L(0.01 - 10) 
