lambdaJohnson =  0.10044 +/- 0.0071944 L(0.001 - 5) 
gammaJohnson =  0.44713 +/- 0.054774 L(-5 - 5) 
deltaJohnson =  1.1646 +/- 0.060839 L(0.01 - 10) 
