lambdaJohnson =  0.092657 +/- 0.0069659 L(0.001 - 5) 
gammaJohnson =  0.44835 +/- 0.049936 L(-5 - 5) 
deltaJohnson =  1.1149 +/- 0.058441 L(0.01 - 10) 
