lambdaJohnson =  0.11791 +/- 0.0047284 L(0.001 - 5) 
gammaJohnson =  0.41059 +/- 0.036329 L(-5 - 5) 
deltaJohnson =  1.2824 +/- 0.040791 L(0.01 - 10) 
