lambdaJohnson =  0.10295 +/- 0.0041755 L(0.001 - 5) 
gammaJohnson =  0.28945 +/- 0.030953 L(-5 - 5) 
deltaJohnson =  1.1801 +/- 0.035356 L(0.01 - 10) 
