lambdaJohnson =  0.12946 +/- 0.0079457 L(0.001 - 5) 
gammaJohnson =  0.33532 +/- 0.048648 L(-5 - 5) 
deltaJohnson =  1.2899 +/- 0.063097 L(0.01 - 10) 
