lambdaJohnson =  0.097210 +/- 0.0038299 L(0.001 - 5) 
gammaJohnson =  0.29284 +/- 0.028400 L(-5 - 5) 
deltaJohnson =  1.1367 +/- 0.033072 L(0.01 - 10) 
