lambdaJohnson =  0.12694 +/- 0.0062687 L(0.001 - 5) 
gammaJohnson =  0.32058 +/- 0.039358 L(-5 - 5) 
deltaJohnson =  1.2852 +/- 0.049734 L(0.01 - 10) 
