lambdaJohnson =  0.12753 +/- 0.0098251 L(0.001 - 5) 
gammaJohnson =  0.37292 +/- 0.066204 L(-5 - 5) 
deltaJohnson =  1.3619 +/- 0.080279 L(0.01 - 10) 
