lambdaJohnson =  0.11873 +/- 0.0045449 L(0.001 - 5) 
gammaJohnson =  0.39372 +/- 0.034859 L(-5 - 5) 
deltaJohnson =  1.2756 +/- 0.038496 L(0.01 - 10) 
