lambdaJohnson =  0.12178 +/- 0.014518 L(0.001 - 5) 
gammaJohnson =  0.38764 +/- 0.10118 L(-5 - 5) 
deltaJohnson =  1.3426 +/- 0.12620 L(0.01 - 10) 
