lambdaJohnson =  0.10689 +/- 0.012372 L(0.001 - 5) 
gammaJohnson =  0.49737 +/- 0.083112 L(-5 - 5) 
deltaJohnson =  1.2974 +/- 0.11342 L(0.01 - 10) 
