lambdaJohnson =  0.10885 +/- 0.0089011 L(0.001 - 5) 
gammaJohnson =  0.27439 +/- 0.054032 L(-5 - 5) 
deltaJohnson =  1.1454 +/- 0.069042 L(0.01 - 10) 
