lambdaJohnson =  0.10160 +/- 0.0028200 L(0.001 - 5) 
gammaJohnson =  0.42272 +/- 0.023004 L(-5 - 5) 
deltaJohnson =  1.1916 +/- 0.025053 L(0.01 - 10) 
