lambdaJohnson =  0.098873 +/- 0.0026777 L(0.001 - 5) 
gammaJohnson =  0.36055 +/- 0.019661 L(-5 - 5) 
deltaJohnson =  1.1489 +/- 0.022991 L(0.01 - 10) 
