lambdaJohnson =  0.097871 +/- 0.0029209 L(0.001 - 5) 
gammaJohnson =  0.37043 +/- 0.021926 L(-5 - 5) 
deltaJohnson =  1.1499 +/- 0.025959 L(0.01 - 10) 
