lambdaJohnson =  0.12964 +/- 0.0068641 L(0.001 - 5) 
gammaJohnson =  0.30637 +/- 0.043303 L(-5 - 5) 
deltaJohnson =  1.2726 +/- 0.052292 L(0.01 - 10) 
