lambdaJohnson =  0.13463 +/- 0.010316 L(0.001 - 5) 
gammaJohnson =  0.36880 +/- 0.081082 L(-5 - 5) 
deltaJohnson =  1.3754 +/- 0.088692 L(0.01 - 10) 
