lambdaJohnson =  0.14138 +/- 0.0068915 L(0.001 - 5) 
gammaJohnson =  0.32392 +/- 0.043133 L(-5 - 5) 
deltaJohnson =  1.3842 +/- 0.053237 L(0.01 - 10) 
