lambdaJohnson =  0.10774 +/- 0.0047170 L(0.001 - 5) 
gammaJohnson =  0.36403 +/- 0.037445 L(-5 - 5) 
deltaJohnson =  1.2266 +/- 0.041516 L(0.01 - 10) 
