lambdaJohnson =  0.10322 +/- 0.0044128 L(0.001 - 5) 
gammaJohnson =  0.34669 +/- 0.035123 L(-5 - 5) 
deltaJohnson =  1.2078 +/- 0.039311 L(0.01 - 10) 
