lambdaJohnson =  0.13515 +/- 0.0057406 L(0.001 - 5) 
gammaJohnson =  0.40579 +/- 0.038134 L(-5 - 5) 
deltaJohnson =  1.3742 +/- 0.046136 L(0.01 - 10) 
