lambdaJohnson =  0.10431 +/- 0.0053221 L(0.001 - 5) 
gammaJohnson =  0.30284 +/- 0.042240 L(-5 - 5) 
deltaJohnson =  1.1778 +/- 0.045986 L(0.01 - 10) 
