lambdaJohnson =  0.13232 +/- 0.010219 L(0.001 - 5) 
gammaJohnson =  0.52039 +/- 0.071111 L(-5 - 5) 
deltaJohnson =  1.3635 +/- 0.084060 L(0.01 - 10) 
