lambdaJohnson =  0.10063 +/- 0.0069328 L(0.001 - 5) 
gammaJohnson =  0.39679 +/- 0.052160 L(-5 - 5) 
deltaJohnson =  1.1165 +/- 0.058970 L(0.01 - 10) 
