sigmaSymDSCB =  0.079254 +/- 0.0023245 L(0.03 - 0.15) 
alphaInfSymDSCB =  1.2852 +/- 0.087391 L(0.1 - 10) 
orderInfSymDSCB =  2.8618 +/- 0.40858 L(0.1 - 10) 
alphaSupSymDSCB =  1.3064 +/- 0.089781 L(0.1 - 10) 
orderSupSymDSCB =  14.070 +/- 5.5376 L(0.1 - 200) 
