sigmaSymDSCB =  0.090518 +/- 0.0045695 L(0.03 - 0.15) 
alphaInfSymDSCB =  2.4305 +/- 0.32377 L(0.1 - 10) 
orderInfSymDSCB =  0.43796 +/- 0.50598 L(0.1 - 10) 
alphaSupSymDSCB =  1.6146 +/- 0.50236 L(0.1 - 10) 
orderSupSymDSCB =  6.9576 +/- 9.3647 L(0.1 - 200) 
