sigmaSymDSCB =  0.074244 +/- 0.0021756 L(0.03 - 0.15) 
alphaInfSymDSCB =  1.2625 +/- 0.066246 L(0.1 - 10) 
orderInfSymDSCB =  2.5802 +/- 0.30944 L(0.1 - 10) 
alphaSupSymDSCB =  1.1762 +/- 0.085920 L(0.1 - 10) 
orderSupSymDSCB =  16.282 +/- 7.7412 L(0.1 - 200) 
