sigmaSymDSCB =  0.070246 +/- 0.0050785 L(0.03 - 0.15) 
alphaInfSymDSCB =  1.0290 +/- 0.11547 L(0.1 - 10) 
orderInfSymDSCB =  3.4745 +/- 0.88282 L(0.1 - 20) 
alphaSupSymDSCB =  1.1056 +/- 0.12185 L(0.1 - 10) 
orderSupSymDSCB =  143.32 +/- 0.00013316 L(0.1 - 200) 
