sigmaSymDSCB =  0.085669 +/- 0.0043530 L(0.03 - 0.15) 
alphaInfSymDSCB =  1.4104 +/- 0.18386 L(0.1 - 10) 
orderInfSymDSCB =  2.1615 +/- 0.69274 L(0.1 - 20) 
alphaSupSymDSCB =  1.7420 +/- 0.35934 L(0.1 - 10) 
orderSupSymDSCB =  5.5332 +/- 4.3646 L(0.1 - 200) 
