sigmaSymDSCB =  0.093397 +/- 0.0063190 L(0.03 - 0.15) 
alphaInfSymDSCB =  1.0348 +/- 0.18497 L(0.1 - 10) 
orderInfSymDSCB =  7.6966 +/- 5.5196 L(0.1 - 20) 
alphaSupSymDSCB =  1.2687 +/- 0.16801 L(0.1 - 10) 
orderSupSymDSCB =  25.500 +/- 39.607 L(0.1 - 200) 
