sigmaSymDSCB =  0.077185 +/- 0.0014383 L(0.03 - 0.15) 
alphaInfSymDSCB =  1.2616 +/- 0.050431 L(0.1 - 10) 
orderInfSymDSCB =  2.7320 +/- 0.24087 L(0.1 - 20) 
alphaSupSymDSCB =  1.2760 +/- 0.058618 L(0.1 - 10) 
orderSupSymDSCB =  16.794 +/- 5.4073 L(0.1 - 200) 
