sigmaSymDSCB =  0.086788 +/- 0.12830 L(0.03 - 0.15) 
alphaInfSymDSCB =  1.4191 +/- 0.51523 L(0.1 - 10) 
orderInfSymDSCB =  2.7050 +/- 1.9470 L(0.1 - 20) 
alphaSupSymDSCB =  1.4807 +/- 15.075 L(0.1 - 10) 
orderSupSymDSCB =  146.27 +/- 471652 L(0.1 - 200) 
