sigmaSymDSCB =  0.086257 +/- 0.0026110 L(0.03 - 0.15) 
alphaInfSymDSCB =  1.5241 +/- 0.12585 L(0.1 - 10) 
orderInfSymDSCB =  2.1408 +/- 0.44802 L(0.1 - 20) 
alphaSupSymDSCB =  1.4799 +/- 0.14912 L(0.1 - 10) 
orderSupSymDSCB =  20.707 +/- 17.144 L(0.1 - 200) 
