sigmaSymDSCB =  0.079319 +/- 0.0018746 L(0.03 - 0.15) 
alphaInfSymDSCB =  1.3000 +/- 0.082098 L(0.1 - 10) 
orderInfSymDSCB =  3.1982 +/- 0.48365 L(0.1 - 20) 
alphaSupSymDSCB =  1.5564 +/- 0.11115 L(0.1 - 10) 
orderSupSymDSCB =  8.3445 +/- 3.0546 L(0.1 - 200) 
