sigmaSymDSCB =  0.083069 +/- 0.0050979 L(0.03 - 0.15) 
alphaInfSymDSCB =  1.3799 +/- 0.22319 L(0.1 - 10) 
orderInfSymDSCB =  2.1751 +/- 0.76717 L(0.1 - 10) 
alphaSupSymDSCB =  1.3708 +/- 0.13444 L(0.1 - 10) 
orderSupSymDSCB =  147.69 +/- 24.284 L(0.1 - 200) 
