sigmaSymDSCB =  0.078353 +/- 0.0066481 L(0.03 - 0.15) 
alphaInfSymDSCB =  1.1577 +/- 0.20567 L(0.1 - 10) 
orderInfSymDSCB =  4.3792 +/- 1.7381 L(0.1 - 20) 
alphaSupSymDSCB =  1.2302 +/- 0.23884 L(0.1 - 10) 
orderSupSymDSCB =  32.332 +/- 65.662 L(0.1 - 200) 
