sigmaSymDSCB =  0.064337 +/- 0.012381 L(0.03 - 0.15) 
alphaInfSymDSCB =  0.84100 +/- 0.20618 L(0.1 - 10) 
orderInfSymDSCB =  5.8508 +/- 1.8708 L(0.1 - 20) 
alphaSupSymDSCB =  0.94026 +/- 0.22909 L(0.1 - 10) 
orderSupSymDSCB =  139.45 +/- 35.436 L(0.1 - 200) 
