sigmaSymDSCB =  0.089216 +/- 0.013159 L(0.03 - 0.15) 
alphaInfSymDSCB =  1.3177 +/- 0.37894 L(0.1 - 10) 
orderInfSymDSCB =  2.2295 +/- 1.3569 L(0.1 - 20) 
alphaSupSymDSCB =  1.2841 +/- 0.37117 L(0.1 - 10) 
orderSupSymDSCB =  145.85 +/- 139.02 L(0.1 - 200) 
