sigmaSymDSCB =  0.090043 +/- 0.0030285 L(0.03 - 0.15) 
alphaInfSymDSCB =  1.5514 +/- 0.13951 L(0.1 - 10) 
orderInfSymDSCB =  2.2023 +/- 0.60667 L(0.1 - 20) 
alphaSupSymDSCB =  1.4151 +/- 0.15382 L(0.1 - 10) 
orderSupSymDSCB =  27.253 +/- 35.810 L(0.1 - 200) 
