sigmaSymDSCB =  0.090016 +/- 0.0018696 L(0.03 - 0.15) 
alphaInfSymDSCB =  1.5817 +/- 0.098120 L(0.1 - 10) 
orderInfSymDSCB =  1.8898 +/- 0.32711 L(0.1 - 10) 
alphaSupSymDSCB =  1.6959 +/- 0.15734 L(0.1 - 10) 
orderSupSymDSCB =  11.209 +/- 7.3775 L(0.1 - 200) 
