sigmaSymDSCB =  0.077051 +/- 0.0014317 L(0.03 - 0.15) 
alphaInfSymDSCB =  1.2613 +/- 0.053253 L(0.1 - 10) 
orderInfSymDSCB =  2.7969 +/- 0.26331 L(0.1 - 10) 
alphaSupSymDSCB =  1.2357 +/- 0.054632 L(0.1 - 10) 
orderSupSymDSCB =  34.224 +/- 21.375 L(0.1 - 200) 
