sigmaSymDSCB =  0.074438 +/- 0.0075971 L(0.03 - 0.15) 
alphaInfSymDSCB =  1.2392 +/- 0.26110 L(0.1 - 10) 
orderInfSymDSCB =  3.8040 +/- 1.7268 L(0.1 - 10) 
alphaSupSymDSCB =  1.2501 +/- 0.18685 L(0.1 - 10) 
orderSupSymDSCB =  144.54 +/- 18.587 L(0.1 - 200) 
