sigmaSymDSCB =  0.078706 +/- 0.0042791 L(0.03 - 0.15) 
alphaInfSymDSCB =  1.1777 +/- 0.15534 L(0.1 - 10) 
orderInfSymDSCB =  2.9568 +/- 0.88499 L(0.1 - 20) 
alphaSupSymDSCB =  1.2660 +/- 0.14618 L(0.1 - 10) 
orderSupSymDSCB =  18.776 +/- 22.028 L(0.1 - 200) 
