sigmaSymDSCB =  0.083482 +/- 0.0034097 L(0.03 - 0.15) 
alphaInfSymDSCB =  1.2487 +/- 0.10218 L(0.1 - 10) 
orderInfSymDSCB =  2.8141 +/- 0.63193 L(0.1 - 10) 
alphaSupSymDSCB =  1.2646 +/- 0.15642 L(0.1 - 10) 
orderSupSymDSCB =  101.88 +/- 576.86 L(0.1 - 200) 
