sigmaSymDSCB =  0.074490 +/- 0.0022467 L(0.03 - 0.15) 
alphaInfSymDSCB =  1.1232 +/- 0.068867 L(0.1 - 10) 
orderInfSymDSCB =  3.4333 +/- 0.46530 L(0.1 - 10) 
alphaSupSymDSCB =  1.1929 +/- 0.075802 L(0.1 - 10) 
orderSupSymDSCB =  18.658 +/- 9.7635 L(0.1 - 200) 
