sigmaSymDSCB =  0.080707 +/- 0.087909 L(0.03 - 0.15) 
alphaInfSymDSCB =  1.4088 +/- 0.61225 L(0.1 - 10) 
orderInfSymDSCB =  1.8624 +/- 0.23632 L(0.1 - 20) 
alphaSupSymDSCB =  1.2420 +/- 9.9888 L(0.1 - 10) 
orderSupSymDSCB =  135.79 +/- 158985 L(0.1 - 200) 
