sigmaSymDSCB =  0.082311 +/- 0.0052507 L(0.03 - 0.15) 
alphaInfSymDSCB =  1.0670 +/- 0.12385 L(0.1 - 10) 
orderInfSymDSCB =  4.5189 +/- 1.3974 L(0.1 - 20) 
alphaSupSymDSCB =  1.1255 +/- 0.12711 L(0.1 - 10) 
orderSupSymDSCB =  143.24 +/- 385.03 L(0.1 - 200) 
