sigmaSymDSCB =  0.084680 +/- 0.0017096 L(0.03 - 0.15) 
alphaInfSymDSCB =  1.5754 +/- 0.078657 L(0.1 - 10) 
orderInfSymDSCB =  1.7620 +/- 0.25845 L(0.1 - 20) 
alphaSupSymDSCB =  1.2774 +/- 0.057996 L(0.1 - 10) 
orderSupSymDSCB =  143.88 +/- 0.000075692 L(0.1 - 200) 
