sigmaSymDSCB =  0.067898 +/- 0.0083315 L(0.03 - 0.15) 
alphaInfSymDSCB =  0.95094 +/- 0.19937 L(0.1 - 10) 
orderInfSymDSCB =  4.9857 +/- 1.8542 L(0.1 - 20) 
alphaSupSymDSCB =  1.0395 +/- 0.15608 L(0.1 - 10) 
orderSupSymDSCB =  141.95 +/- 0.00020916 L(0.1 - 200) 
