sigmaSymDSCB =  0.073865 +/- 0.0044093 L(0.03 - 0.15) 
alphaInfSymDSCB =  0.97393 +/- 0.16126 L(0.1 - 10) 
orderInfSymDSCB =  5.3335 +/- 2.8494 L(0.1 - 20) 
alphaSupSymDSCB =  1.2772 +/- 0.16871 L(0.1 - 10) 
orderSupSymDSCB =  33.336 +/- 75.572 L(0.1 - 200) 
