sigmaSymDSCB =  0.084268 +/- 0.0019272 L(0.03 - 0.15) 
alphaInfSymDSCB =  1.4545 +/- 0.095944 L(0.1 - 10) 
orderInfSymDSCB =  2.6559 +/- 0.46452 L(0.1 - 10) 
alphaSupSymDSCB =  1.6401 +/- 0.13691 L(0.1 - 10) 
orderSupSymDSCB =  13.186 +/- 7.9002 L(0.1 - 200) 
