sigmaSymDSCB =  0.073866 +/- 0.0044111 L(0.03 - 0.15) 
alphaInfSymDSCB =  0.97401 +/- 0.16116 L(0.1 - 10) 
orderInfSymDSCB =  5.3324 +/- 2.8463 L(0.1 - 10) 
alphaSupSymDSCB =  1.2774 +/- 0.16867 L(0.1 - 10) 
orderSupSymDSCB =  33.284 +/- 75.196 L(0.1 - 200) 
