sigmaSymDSCB =  0.082216 +/- 0.0021370 L(0.03 - 0.15) 
alphaInfSymDSCB =  1.4075 +/- 0.10318 L(0.1 - 10) 
orderInfSymDSCB =  2.1129 +/- 0.37892 L(0.1 - 10) 
alphaSupSymDSCB =  1.4854 +/- 0.10153 L(0.1 - 10) 
orderSupSymDSCB =  17.451 +/- 11.071 L(0.1 - 200) 
