sigmaSymDSCB =  0.090764 +/- 0.0033655 L(0.03 - 0.15) 
alphaInfSymDSCB =  1.6292 +/- 0.18173 L(0.1 - 10) 
orderInfSymDSCB =  1.6542 +/- 0.56273 L(0.1 - 20) 
alphaSupSymDSCB =  1.6081 +/- 0.22345 L(0.1 - 10) 
orderSupSymDSCB =  9.7261 +/- 7.3098 L(0.1 - 200) 
