sigmaSymDSCB =  0.074079 +/- 0.0038328 L(0.03 - 0.15) 
alphaInfSymDSCB =  1.2444 +/- 0.13431 L(0.1 - 10) 
orderInfSymDSCB =  2.7156 +/- 0.54144 L(0.1 - 20) 
alphaSupSymDSCB =  1.2488 +/- 0.13384 L(0.1 - 10) 
orderSupSymDSCB =  14.525 +/- 7.2632 L(0.1 - 200) 
