sigmaSymDSCB =  0.082793 +/- 0.0019073 L(0.03 - 0.15) 
alphaInfSymDSCB =  1.3557 +/- 0.087609 L(0.1 - 10) 
orderInfSymDSCB =  2.6100 +/- 0.38549 L(0.1 - 20) 
alphaSupSymDSCB =  1.4418 +/- 0.090464 L(0.1 - 10) 
orderSupSymDSCB =  20.840 +/- 11.995 L(0.1 - 200) 
