sigmaSymDSCB =  0.089919 +/- 0.0021612 L(0.03 - 0.15) 
alphaInfSymDSCB =  1.4439 +/- 0.10091 L(0.1 - 10) 
orderInfSymDSCB =  2.4277 +/- 0.44523 L(0.1 - 10) 
alphaSupSymDSCB =  1.4834 +/- 0.076716 L(0.1 - 10) 
orderSupSymDSCB =  143.53 +/- 31.664 L(0.1 - 200) 
