sigmaSymDSCB =  0.096209 +/- 0.0044110 L(0.03 - 0.15) 
alphaInfSymDSCB =  1.1329 +/- 0.12228 L(0.1 - 10) 
orderInfSymDSCB =  5.0937 +/- 1.7389 L(0.1 - 20) 
alphaSupSymDSCB =  1.3154 +/- 0.10470 L(0.1 - 10) 
orderSupSymDSCB =  145.50 +/- 0.00051683 L(0.1 - 200) 
