sigmaSymDSCB =  0.085016 +/- 0.0049476 L(0.03 - 0.15) 
alphaInfSymDSCB =  1.3140 +/- 0.14638 L(0.1 - 10) 
orderInfSymDSCB =  2.3685 +/- 0.64265 L(0.1 - 20) 
alphaSupSymDSCB =  1.3629 +/- 0.14743 L(0.1 - 10) 
orderSupSymDSCB =  147.81 +/- 23.664 L(0.1 - 200) 
