sigmaSymDSCB =  0.090771 +/- 0.0028317 L(0.03 - 0.15) 
alphaInfSymDSCB =  1.5607 +/- 0.13889 L(0.1 - 10) 
orderInfSymDSCB =  1.6708 +/- 0.58769 L(0.1 - 20) 
alphaSupSymDSCB =  2.2991 +/- 0.20528 L(0.1 - 10) 
orderSupSymDSCB =  3.9891 +/- 1.8429 L(0.1 - 200) 
