sigmaSymDSCB =  0.089179 +/- 0.0035818 L(0.03 - 0.15) 
alphaInfSymDSCB =  1.6438 +/- 0.27168 L(0.1 - 10) 
orderInfSymDSCB =  1.7915 +/- 0.80401 L(0.1 - 20) 
alphaSupSymDSCB =  1.6670 +/- 0.16092 L(0.1 - 10) 
orderSupSymDSCB =  9.9189 +/- 5.0897 L(0.1 - 200) 
