sigmaSymDSCB =  0.092774 +/- 0.0024540 L(0.03 - 0.15) 
alphaInfSymDSCB =  1.5184 +/- 0.13341 L(0.1 - 10) 
orderInfSymDSCB =  2.4684 +/- 0.68593 L(0.1 - 20) 
alphaSupSymDSCB =  1.5639 +/- 0.13071 L(0.1 - 10) 
orderSupSymDSCB =  14.965 +/- 14.008 L(0.1 - 200) 
