sigmaSymDSCB =  0.089041 +/- 0.0036710 L(0.03 - 0.15) 
alphaInfSymDSCB =  1.5552 +/- 0.15716 L(0.1 - 10) 
orderInfSymDSCB =  1.7393 +/- 0.46492 L(0.1 - 10) 
alphaSupSymDSCB =  1.6877 +/- 0.32178 L(0.1 - 10) 
orderSupSymDSCB =  6.2986 +/- 5.1801 L(0.1 - 200) 
