sigmaSymDSCB =  0.095011 +/- 0.0024390 L(0.03 - 0.15) 
alphaInfSymDSCB =  1.2460 +/- 0.11101 L(0.1 - 10) 
orderInfSymDSCB =  4.6992 +/- 1.3049 L(0.1 - 10) 
alphaSupSymDSCB =  1.4950 +/- 0.099725 L(0.1 - 10) 
orderSupSymDSCB =  28.937 +/- 29.484 L(0.1 - 200) 
