sigmaSymDSCB =  0.073858 +/- 0.0027958 L(0.03 - 0.15) 
alphaInfSymDSCB =  1.2505 +/- 0.071712 L(0.1 - 10) 
orderInfSymDSCB =  2.9129 +/- 0.34795 L(0.1 - 10) 
alphaSupSymDSCB =  1.1723 +/- 0.12880 L(0.1 - 10) 
orderSupSymDSCB =  100.34 +/- 332.10 L(0.1 - 200) 
