sigmaSymDSCB =  0.099703 +/- 0.0029349 L(0.03 - 0.15) 
alphaInfSymDSCB =  1.5986 +/- 0.19163 L(0.1 - 10) 
orderInfSymDSCB =  1.8717 +/- 0.69720 L(0.1 - 20) 
alphaSupSymDSCB =  1.7257 +/- 0.12902 L(0.1 - 10) 
orderSupSymDSCB =  154.76 +/- 61.536 L(0.1 - 200) 
