sigmaSymDSCB =  0.080353 +/- 0.0029904 L(0.03 - 0.15) 
alphaInfSymDSCB =  1.3102 +/- 0.10856 L(0.1 - 10) 
orderInfSymDSCB =  2.4298 +/- 0.52003 L(0.1 - 20) 
alphaSupSymDSCB =  1.2993 +/- 0.15281 L(0.1 - 10) 
orderSupSymDSCB =  31.978 +/- 56.099 L(0.1 - 200) 
