sigmaSymDSCB =  0.089142 +/- 0.0069961 L(0.03 - 0.15) 
alphaInfSymDSCB =  1.4206 +/- 0.29883 L(0.1 - 10) 
orderInfSymDSCB =  1.8307 +/- 0.95997 L(0.1 - 20) 
alphaSupSymDSCB =  1.3760 +/- 0.37005 L(0.1 - 10) 
orderSupSymDSCB =  97.969 +/- 1033.6 L(0.1 - 200) 
