sigmaSymDSCB =  0.078294 +/- 0.0049101 L(0.03 - 0.15) 
alphaInfSymDSCB =  1.1526 +/- 0.15639 L(0.1 - 10) 
orderInfSymDSCB =  3.6094 +/- 1.3998 L(0.1 - 10) 
alphaSupSymDSCB =  1.3270 +/- 0.16240 L(0.1 - 10) 
orderSupSymDSCB =  144.40 +/- 0.0016574 L(0.1 - 200) 
