sigmaSymDSCB =  0.10392 +/- 0.0030014 L(0.03 - 0.15) 
alphaInfSymDSCB =  1.5720 +/- 0.17137 L(0.1 - 10) 
orderInfSymDSCB =  2.1431 +/- 0.69424 L(0.1 - 10) 
alphaSupSymDSCB =  1.5482 +/- 0.15134 L(0.1 - 10) 
orderSupSymDSCB =  56.145 +/- 130.62 L(0.1 - 200) 
