sigmaSymDSCB =  0.081627 +/- 0.0098701 L(0.03 - 0.15) 
alphaInfSymDSCB =  0.85579 +/- 0.18002 L(0.1 - 10) 
orderInfSymDSCB =  13.301 +/- 10.061 L(0.1 - 20) 
alphaSupSymDSCB =  1.0553 +/- 0.16476 L(0.1 - 10) 
orderSupSymDSCB =  136.06 +/- 0.0021169 L(0.1 - 200) 
