sigmaSymDSCB =  0.085647 +/- 0.0016728 L(0.03 - 0.15) 
alphaInfSymDSCB =  1.3113 +/- 0.078861 L(0.1 - 10) 
orderInfSymDSCB =  3.2704 +/- 0.53438 L(0.1 - 20) 
alphaSupSymDSCB =  1.5074 +/- 0.093287 L(0.1 - 10) 
orderSupSymDSCB =  21.576 +/- 14.985 L(0.1 - 200) 
