sigmaSymDSCB =  0.095496 +/- 0.0024896 L(0.03 - 0.15) 
alphaInfSymDSCB =  1.4357 +/- 0.088942 L(0.1 - 10) 
orderInfSymDSCB =  2.7999 +/- 0.52249 L(0.1 - 10) 
alphaSupSymDSCB =  1.3663 +/- 0.11854 L(0.1 - 10) 
orderSupSymDSCB =  37.851 +/- 59.626 L(0.1 - 200) 
