lambdaTheta =  1.2000 +/- 0.0046543 L(-1.2 - 1.2) 
lambdaPhi =  0.12988 +/- 0.0010792 L(-0.8 - 0.8) 
lambdaThetaPhi = -0.0793938 +/- 0.037325 L(-0.6 - 0.6) 
lambdaTilde =  1.8269 +/- 0.0059869 L(-5 - 5) 
