lambdaTheta =  1.2000 +/- 0.0000078170 L(-1.2 - 1.2) 
lambdaPhi =  0.20001 +/- 0.00000041396 L(-1.2 - 1.2) 
lambdaThetaPhi = -0.0405324 +/- 0.0018357 L(-1.2 - 1.2) 
lambdaTilde = (@0 + 3*@1)/ (1-@1)
