lambdaTheta =  0.41485 +/- 0.25403 L(-1.1 - 1.1) 
lambdaPhi = -0.0685974 +/- 0.041255 L(-1.1 - 1.1) 
lambdaThetaPhi = -0.00108959 +/- 0.069779 L(-1 - 1) 
lambdaTilde =  0.19564 +/- 0.26759 L(-5 - 5) 
