lambdaTheta =  0.27616 +/- 0.20824 L(-1.1 - 1.1) 
lambdaPhi = -0.0759791 +/- 0.033974 L(-0.8 - 0.8) 
lambdaThetaPhi = -0.0820752 +/- 0.057764 L(-0.6 - 0.6) 
lambdaTilde =  0.044821 +/- 0.21810 L(-5 - 5) 
