lambdaTheta =  0.43123 +/- 0.081230 L(-0.9 - 0.9) 
lambdaPhi = -0.0488784 +/- 0.000075840 L(-0.8 - 0.8) 
lambdaThetaPhi = -0.129815 +/- 0.000014344 L(-0.6 - 0.6) 
lambdaTilde =  0.27133 +/- 0.077346 L(-5 - 5) 
