lambdaTheta =  0.012305 +/- 0.00019309 L(-1.1 - 1.1) 
lambdaPhi = -0.0942032 +/- 0.032636 L(-0.8 - 0.8) 
lambdaThetaPhi = -0.0568068 +/- 0.049556 L(-0.6 - 0.6) 
lambdaTilde = -0.247033 +/- 0.082208 L(-5 - 5) 
