lambdaTheta =  0.43666 +/- 0.36861 L(-1.1 - 1.1) 
lambdaPhi = -0.0584248 +/- 0.036384 L(-1.1 - 1.1) 
lambdaThetaPhi =  0.0092561 +/- 0.072201 L(-1 - 1) 
lambdaTilde =  0.0000 L(-5 - 5) 
