lambdaTheta =  1.2000 +/- 0.0014578 L(-1.2 - 1.2) 
lambdaPhi =  0.12990 +/- 0.0021685 L(-1.2 - 1.2) 
lambdaThetaPhi = -0.0796571 +/- 0.40028 L(-1.2 - 1.2) 
lambdaTilde = (@0 + 3*@1)/ (1-@1)
