lambdaTheta =  0.69010 +/- 0.37924 L(-1.1 - 1.1) 
lambdaPhi = -0.0579215 +/- 0.043296 L(-1.1 - 1.1) 
lambdaThetaPhi = -0.0564992 +/- 0.084649 L(-1 - 1) 
lambdaTilde =  0.0000 L(-5 - 5) 
