lambdaTheta =  0.20001 +/- 1.5620 L(-1.1 - 1.1) 
lambdaPhi = -0.00106352 +/- 0.000035539 L(-0.8 - 0.8) 
lambdaThetaPhi =  0.060228 +/- 0.46640 L(-0.6 - 0.6) 
lambdaTilde =  0.19661 +/- 1.0988 L(-5 - 5) 
