lambdaTheta =  1.1000 +/- 0.012887 L(-1.1 - 1.1) 
lambdaPhi =  0.29060 +/- 0.00018397 L(-1.1 - 1.1) 
lambdaThetaPhi = -0.0309642 +/- 0.050607 L(-1 - 1) 
lambdaTilde =  0.0000 L(-5 - 5) 
