lambdaTheta = -0.436057 +/- 0.64594 L(-1.1 - 1.1) 
lambdaPhi = -0.0648180 +/- 0.051391 L(-1.1 - 1.1) 
lambdaThetaPhi = -0.216851 +/- 0.11472 L(-1 - 1) 
lambdaTilde = -0.592130 +/- 0.64981 L(-5 - 5) 
