lambdaTheta =  0.27551 +/- 0.20740 L(-0.9 - 0.9) 
lambdaPhi = -0.0759824 +/- 0.033977 L(-0.8 - 0.8) 
lambdaThetaPhi = -0.0820677 +/- 0.057771 L(-0.6 - 0.6) 
lambdaTilde =  0.044202 +/- 0.21799 L(-5 - 5) 
