lambdaTheta =  0.0040664 +/- 0.41272 L(-1.1 - 1.1) 
lambdaPhi = -0.0925839 +/- 0.049394 L(-1.1 - 1.1) 
lambdaThetaPhi = -0.143441 +/- 0.091717 L(-1 - 1) 
lambdaTilde = -0.250494 +/- 0.40850 L(-5 - 5) 
