lambdaTheta = -0.138611 +/- 0.19772 L(-1.4 - 1.4) 
lambdaPhi = -0.140695 +/- 0.045621 L(-1.4 - 1.4) 
lambdaThetaPhi = -0.126223 +/- 0.065520 L(-1.4 - 1.4) 
lambdaTilde = -0.491539 +/- 0.20364 L(-5 - 5) 
