lambdaTheta = -0.217186 +/- 0.019748 L(-1.2 - 1.2) 
lambdaPhi = -0.166728 +/- 0.00093584 L(-0.8 - 0.8) 
lambdaThetaPhi = -0.0800314 +/- 0.0068519 L(-0.6 - 0.6) 
lambdaTilde = -0.614857 +/- 0.018837 L(-5 - 5) 
