lambdaTheta =  1.1997 +/- 0.000026205 L(-1.2 - 1.2) 
lambdaPhi =  0.20118 +/- 0.00017505 L(-0.8 - 0.8) 
lambdaThetaPhi = -0.0392647 +/- 0.0000000036305 L(-0.6 - 0.6) 
lambdaTilde =  2.2573 +/- 0.0011193 L(-5 - 5) 
