lambdaTheta =  0.39070 +/- 0.015283 L(-1.1 - 1.1) 
lambdaPhi = -0.134641 +/- 0.032348 L(-0.8 - 0.8) 
lambdaThetaPhi = -0.0506944 +/- 0.048482 L(-0.6 - 0.6) 
lambdaTilde = -0.0116518 +/- 0.086120 L(-5 - 5) 
