lambdaTheta =  0.41281 +/- 0.17185 L(-1.1 - 1.1) 
lambdaPhi = -0.0476432 +/- 0.000020086 L(-0.8 - 0.8) 
lambdaThetaPhi = -0.119211 +/- 0.038767 L(-0.6 - 0.6) 
lambdaTilde =  0.25761 +/- 0.16483 L(-5 - 5) 
