lambdaTheta =  0.41486 +/- 0.25410 L(-1.1 - 1.1) 
lambdaPhi = -0.0685974 +/- 0.041269 L(-1.1 - 1.1) 
lambdaThetaPhi = -0.00108972 +/- 0.069794 L(-1 - 1) 
lambdaTilde =  0.0000 L(-5 - 5) 
