lambdaTheta =  1.1000 +/- 0.0065394 L(-1.1 - 1.1) 
lambdaPhi =  0.21162 +/- 0.020307 L(-1.1 - 1.1) 
lambdaThetaPhi = -0.0701906 +/- 0.040826 L(-1 - 1) 
lambdaTilde =  2.2005 +/- 0.13405 L(-5 - 5) 
