lambdaTheta =  0.079862 +/- 0.21145 L(-1.2 - 1.2) 
lambdaPhi =  0.10195 +/- 0.067706 L(-1.2 - 1.2) 
lambdaThetaPhi =  0.24828 +/- 0.19307 L(-1.2 - 1.2) 
lambdaTilde =  0.42951 +/- 0.20795 L(-1.2 - 1.2) 
