lambdaTheta =  0.32966 +/- 0.0018649 L(-3 - 3) 
lambdaPhi =  0.046834 +/- 0.00026014 L(-3 - 3) 
lambdaThetaPhi =  0.10643 +/- 0.00061272 L(-3 - 3) 
lambdaTilde =  0.49326 +/- 0.00073658 L(-3 - 3) 
