lambdaTheta = -0.0456629 +/- 0.15247 L(-3 - 3) 
lambdaPhi =  0.038190 +/- 0.028496 L(-3 - 3) 
lambdaThetaPhi =  0.045908 +/- 0.062527 L(-3 - 3) 
lambdaTilde =  0.071643 +/- 0.091678 L(-3 - 3) 
