lambdaTheta =  0.40581 +/- 0.17732 L(-3 - 3) 
lambdaPhi = -0.0601613 +/- 0.047449 L(-3 - 3) 
lambdaThetaPhi =  0.10467 +/- 0.11387 L(-3 - 3) 
lambdaTilde =  0.21254 +/- 0.13254 L(-3 - 3) 
