lambdaTheta = -0.329847 +/- 0.0096624 L(-1.2 - 1.2) 
lambdaPhi = -0.0138664 +/- 0.0050888 L(-1.2 - 1.2) 
lambdaThetaPhi =  0.012333 +/- 0.010687 L(-1.2 - 1.2) 
lambdaTilde = -0.366366 +/- 0.017626 L(-1.2 - 1.2) 
