lambdaTheta =  0.34223 +/- 0.0083571 L(-1.2 - 1.2) 
lambdaPhi = -0.0956182 +/- 0.0029620 L(-1.2 - 1.2) 
lambdaThetaPhi =  0.10503 +/- 0.0071173 L(-1.2 - 1.2) 
lambdaTilde =  0.050543 +/- 0.0084198 L(-1.2 - 1.2) 
