lambdaTheta =  0.39909 +/- 0.17658 L(-1.2 - 1.2) 
lambdaPhi = -0.0564387 +/- 0.047459 L(-1.2 - 1.2) 
lambdaThetaPhi =  0.099645 +/- 0.11417 L(-1.2 - 1.2) 
lambdaTilde =  0.21750 +/- 0.13283 L(-1.2 - 1.2) 
