lambdaTheta =  0.34771 +/- 0.0083673 L(-1.2 - 1.2) 
lambdaPhi = -0.102704 +/- 0.0029665 L(-1.2 - 1.2) 
lambdaThetaPhi =  0.11947 +/- 0.0072918 L(-1.2 - 1.2) 
lambdaTilde =  0.035911 +/- 0.0084156 L(-1.2 - 1.2) 
