lambdaTheta = -0.535550 +/- 0.12660 L(-1.2 - 1.2) 
lambdaPhi = -0.00717274 +/- 0.022978 L(-1.2 - 1.2) 
lambdaThetaPhi = -0.147388 +/- 0.041205 L(-1.2 - 1.2) 
lambdaTilde = -0.553101 +/- 0.084213 L(-1.2 - 1.2) 
