lambdaTheta = -0.0465221 +/- 0.15235 L(-3 - 3) 
lambdaPhi =  0.037491 +/- 0.028470 L(-3 - 3) 
lambdaThetaPhi =  0.044800 +/- 0.062408 L(-3 - 3) 
lambdaTilde =  0.068519 +/- 0.091615 L(-3 - 3) 
