lambdaTheta =  0.80415 +/- 0.33904 L(-3 - 3) 
lambdaPhi = -0.117137 +/- 0.051915 L(-3 - 3) 
lambdaThetaPhi = -0.118181 +/- 0.095661 L(-3 - 3) 
lambdaTilde =  0.40527 +/- 0.12923 L(-3 - 3) 
