lambdaTheta =  1.2557 +/- 0.014879 L(-3 - 3) 
lambdaPhi = -0.0790840 +/- 0.0016997 L(-3 - 3) 
lambdaThetaPhi = -0.124297 +/- 0.0041579 L(-3 - 3) 
lambdaTilde =  0.94382 +/- 0.0036015 L(-3 - 3) 
