lambdaTheta =  0.041116 +/- 0.0065874 L(-1.2 - 1.2) 
lambdaPhi =  0.032943 +/- 0.0012416 L(-1.2 - 1.2) 
lambdaThetaPhi =  0.18341 +/- 0.0037012 L(-1.2 - 1.2) 
lambdaTilde =  0.14471 +/- 0.0038842 L(-1.2 - 1.2) 
