lambdaTheta =  0.32677 +/- 0.18639 L(-3 - 3) 
lambdaPhi =  0.047754 +/- 0.026031 L(-3 - 3) 
lambdaThetaPhi =  0.10647 +/- 0.061393 L(-3 - 3) 
lambdaTilde =  0.49361 +/- 0.073769 L(-3 - 3) 
