lambdaTheta = -0.0741715 +/- 0.23017 L(-1.2 - 1.2) 
lambdaPhi =  0.053262 +/- 0.063837 L(-1.2 - 1.2) 
lambdaThetaPhi = -0.00976508 +/- 0.12161 L(-1.2 - 1.2) 
lambdaTilde =  0.090430 +/- 0.20745 L(-1.2 - 1.2) 
