lambdaTheta =  1.3052 +/- 0.39173 L(-3 - 3) 
lambdaPhi = -0.0305971 +/- 0.049938 L(-3 - 3) 
lambdaThetaPhi = -0.135327 +/- 0.096439 L(-3 - 3) 
lambdaTilde =  1.1774 +/- 0.10074 L(-3 - 3) 
