lambdaTheta = -0.0733323 +/- 0.23050 L(-2 - 2) 
lambdaPhi =  0.052918 +/- 0.063856 L(-2 - 2) 
lambdaThetaPhi = -0.00970221 +/- 0.12167 L(-2 - 2) 
lambdaTilde =  0.090194 +/- 0.20745 L(-2 - 2) 
