lambdaTheta =  0.053970 +/- 0.17665 L(-3 - 3) 
lambdaPhi = -0.0232608 +/- 0.045538 L(-3 - 3) 
lambdaThetaPhi = -0.0441023 +/- 0.10350 L(-3 - 3) 
lambdaTilde = -0.0154532 +/- 0.14138 L(-3 - 3) 
