lambdaTheta = -0.0720711 +/- 0.0023036 L(-3 - 3) 
lambdaPhi =  0.053967 +/- 0.00063621 L(-3 - 3) 
lambdaThetaPhi = -0.00994469 +/- 0.0012118 L(-3 - 3) 
lambdaTilde =  0.094953 +/- 0.0020662 L(-3 - 3) 
