lambdaTheta =  0.12248 +/- 0.0067566 L(-3 - 3) 
lambdaPhi =  0.033836 +/- 0.0012450 L(-3 - 3) 
lambdaThetaPhi =  0.15347 +/- 0.0038093 L(-3 - 3) 
lambdaTilde =  0.23184 +/- 0.0037925 L(-3 - 3) 
