lambdaTheta =  0.018043 +/- 0.0076089 L(-1.2 - 1.2) 
lambdaPhi = -0.0514073 +/- 0.0021286 L(-1.2 - 1.2) 
lambdaThetaPhi = -0.0636501 +/- 0.0042417 L(-1.2 - 1.2) 
lambdaTilde = -0.129521 +/- 0.0066513 L(-1.2 - 1.2) 
