lambdaTheta = -0.219380 +/- 0.18943 L(-1.2 - 1.2) 
lambdaPhi =  0.14584 +/- 0.051508 L(-1.2 - 1.2) 
lambdaThetaPhi = -0.0116146 +/- 0.077937 L(-1.2 - 1.2) 
lambdaTilde =  0.25540 +/- 0.17615 L(-1.2 - 1.2) 
