lambdaTheta = -0.0683569 +/- 0.23170 L(-3 - 3) 
lambdaPhi =  0.041133 +/- 0.064008 L(-3 - 3) 
lambdaThetaPhi = -0.0100821 +/- 0.12054 L(-3 - 3) 
lambdaTilde =  0.057403 +/- 0.20746 L(-3 - 3) 
