lambdaTheta = -0.0455082 +/- 0.15248 L(-1.2 - 1.2) 
lambdaPhi =  0.037946 +/- 0.028501 L(-1.2 - 1.2) 
lambdaThetaPhi =  0.045318 +/- 0.062511 L(-1.2 - 1.2) 
lambdaTilde =  0.071023 +/- 0.091688 L(-1.2 - 1.2) 
