lambdaTheta =  0.19117 +/- 0.010504 L(-1.2 - 1.2) 
lambdaPhi = -0.0324614 +/- 0.0027180 L(-1.2 - 1.2) 
lambdaThetaPhi = -0.0312549 +/- 0.0055777 L(-1.2 - 1.2) 
lambdaTilde =  0.090833 +/- 0.0080985 L(-1.2 - 1.2) 
