lambdaTheta =  0.20741 +/- 0.0082724 L(-1.2 - 1.2) 
lambdaPhi = -0.0999709 +/- 0.0022045 L(-1.2 - 1.2) 
lambdaThetaPhi = -0.0806087 +/- 0.0044838 L(-1.2 - 1.2) 
lambdaTilde = -0.0840959 +/- 0.0064979 L(-1.2 - 1.2) 
