lambdaTheta =  0.40485 +/- 0.17716 L(-3 - 3) 
lambdaPhi = -0.0589699 +/- 0.047425 L(-3 - 3) 
lambdaThetaPhi =  0.10480 +/- 0.11390 L(-3 - 3) 
lambdaTilde =  0.21524 +/- 0.13251 L(-3 - 3) 
