lambdaTheta = -0.0408060 +/- 0.15256 L(-3 - 3) 
lambdaPhi =  0.039920 +/- 0.028453 L(-3 - 3) 
lambdaThetaPhi =  0.044700 +/- 0.062546 L(-3 - 3) 
lambdaTilde =  0.082235 +/- 0.091409 L(-3 - 3) 
