lambdaTheta =  0.76481 +/- 0.33581 L(-1.2 - 1.2) 
lambdaPhi = -0.126081 +/- 0.051808 L(-1.2 - 1.2) 
lambdaThetaPhi = -0.115543 +/- 0.095345 L(-1.2 - 1.2) 
lambdaTilde =  0.34328 +/- 0.13060 L(-1.2 - 1.2) 
