lambdaTheta =  0.12432 +/- 0.0067673 L(-3 - 3) 
lambdaPhi =  0.034972 +/- 0.0012445 L(-3 - 3) 
lambdaThetaPhi =  0.15387 +/- 0.0038102 L(-3 - 3) 
lambdaTilde =  0.23755 +/- 0.0037886 L(-3 - 3) 
