lambdaTheta =  1.1431 +/- 0.014572 L(-1.2 - 1.2) 
lambdaPhi = -0.0881757 +/- 0.0017153 L(-1.2 - 1.2) 
lambdaThetaPhi = -0.146847 +/- 0.0041498 L(-1.2 - 1.2) 
lambdaTilde =  0.80739 +/- 0.0037988 L(-1.2 - 1.2) 
