lambdaTheta =  0.40374 +/- 0.17704 L(-3 - 3) 
lambdaPhi = -0.0582993 +/- 0.047409 L(-3 - 3) 
lambdaThetaPhi =  0.10483 +/- 0.11387 L(-3 - 3) 
lambdaTilde =  0.21623 +/- 0.13251 L(-3 - 3) 
