lambdaTheta =  1.2906 +/- 0.014989 L(-3 - 3) 
lambdaPhi = -0.0781030 +/- 0.0017012 L(-3 - 3) 
lambdaThetaPhi = -0.125086 +/- 0.0041728 L(-3 - 3) 
lambdaTilde =  0.97973 +/- 0.0035570 L(-3 - 3) 
