lambdaTheta =  0.045293 +/- 0.22166 L(-1.2 - 1.2) 
lambdaPhi = -0.0260988 +/- 0.050750 L(-1.2 - 1.2) 
lambdaThetaPhi = -0.0257345 +/- 0.079150 L(-1.2 - 1.2) 
lambdaTilde = -0.0321640 +/- 0.15791 L(-1.2 - 1.2) 
