lambdaTheta =  0.037605 +/- 0.27262 L(-1.2 - 1.2) 
lambdaPhi =  0.11322 +/- 0.081191 L(-1.2 - 1.2) 
lambdaThetaPhi =  0.019601 +/- 0.10151 L(-1.2 - 1.2) 
lambdaTilde =  0.42543 +/- 0.25288 L(-1.2 - 1.2) 
