lambdaTheta =  0.40845 +/- 0.18925 L(-3 - 3) 
lambdaPhi =  0.047084 +/- 0.026270 L(-3 - 3) 
lambdaThetaPhi =  0.10473 +/- 0.061945 L(-3 - 3) 
lambdaTilde =  0.57687 +/- 0.072266 L(-3 - 3) 
