lambdaTheta =  0.77376 +/- 0.33661 L(-2 - 2) 
lambdaPhi = -0.125936 +/- 0.051832 L(-2 - 2) 
lambdaThetaPhi = -0.115816 +/- 0.095455 L(-2 - 2) 
lambdaTilde =  0.35167 +/- 0.13032 L(-2 - 2) 
