lambdaTheta =  0.045106 +/- 0.22197 L(-2 - 2) 
lambdaPhi = -0.0260780 +/- 0.050755 L(-2 - 2) 
lambdaThetaPhi = -0.0257344 +/- 0.079160 L(-2 - 2) 
lambdaTilde = -0.0322862 +/- 0.15794 L(-2 - 2) 
