lambdaTheta =  0.40478 +/- 0.17722 L(-3 - 3) 
lambdaPhi = -0.0595112 +/- 0.047436 L(-3 - 3) 
lambdaThetaPhi =  0.10472 +/- 0.11383 L(-3 - 3) 
lambdaTilde =  0.21353 +/- 0.13255 L(-3 - 3) 
