lambdaTheta =  0.76639 +/- 0.33598 L(-2 - 2) 
lambdaPhi = -0.126358 +/- 0.051818 L(-2 - 2) 
lambdaThetaPhi = -0.115881 +/- 0.095356 L(-2 - 2) 
lambdaTilde =  0.34387 +/- 0.13057 L(-2 - 2) 
