lambdaTheta =  0.0043805 +/- 0.21584 L(-3 - 3) 
lambdaPhi = -0.0167290 +/- 0.049501 L(-3 - 3) 
lambdaThetaPhi = -0.0244976 +/- 0.077430 L(-3 - 3) 
lambdaTilde = -0.0450529 +/- 0.15604 L(-3 - 3) 
