lambdaTheta =  0.044225 +/- 0.22158 L(-2 - 2) 
lambdaPhi = -0.0260178 +/- 0.050743 L(-2 - 2) 
lambdaThetaPhi = -0.0255871 +/- 0.079134 L(-2 - 2) 
lambdaTilde = -0.0329709 +/- 0.15794 L(-2 - 2) 
