lambdaTheta =  0.055098 +/- 0.17701 L(-1.2 - 1.2) 
lambdaPhi = -0.0270479 +/- 0.045659 L(-1.2 - 1.2) 
lambdaThetaPhi = -0.0441566 +/- 0.10343 L(-1.2 - 1.2) 
lambdaTilde = -0.0253594 +/- 0.14166 L(-1.2 - 1.2) 
