lambdaTheta =  0.010513 +/- 0.57860 L(-1.2 - 1.2) 
lambdaPhi = -0.0712168 +/- 0.060467 L(-1.2 - 1.2) 
lambdaThetaPhi = -0.104686 +/- 0.13269 L(-1.2 - 1.2) 
lambdaTilde = -0.189632 +/- 0.18869 L(-1.2 - 1.2) 
