lambdaTheta =  0.12519 +/- 0.0067685 L(-3 - 3) 
lambdaPhi =  0.034598 +/- 0.0012447 L(-3 - 3) 
lambdaThetaPhi =  0.15422 +/- 0.0038109 L(-3 - 3) 
lambdaTilde =  0.23719 +/- 0.0037884 L(-3 - 3) 
