lambdaTheta =  0.52934 +/- 0.012977 L(-1.2 - 1.2) 
lambdaPhi = -0.140773 +/- 0.0020944 L(-1.2 - 1.2) 
lambdaThetaPhi = -0.145798 +/- 0.0041292 L(-1.2 - 1.2) 
lambdaTilde =  0.093814 +/- 0.0056427 L(-1.2 - 1.2) 
