lambdaTheta =  1.2546 +/- 0.014867 L(-3 - 3) 
lambdaPhi = -0.0786678 +/- 0.0016994 L(-3 - 3) 
lambdaThetaPhi = -0.124305 +/- 0.0041576 L(-3 - 3) 
lambdaTilde =  0.94433 +/- 0.0036015 L(-3 - 3) 
