lambdaTheta =  0.76534 +/- 0.33586 L(-1.2 - 1.2) 
lambdaPhi = -0.126275 +/- 0.051813 L(-1.2 - 1.2) 
lambdaThetaPhi = -0.115761 +/- 0.095347 L(-1.2 - 1.2) 
lambdaTilde =  0.34318 +/- 0.13060 L(-1.2 - 1.2) 
