lambdaTheta = -0.266991 +/- 0.010209 L(-1.2 - 1.2) 
lambdaPhi = -0.0309235 +/- 0.0051922 L(-1.2 - 1.2) 
lambdaThetaPhi = -0.00184996 +/- 0.010530 L(-1.2 - 1.2) 
lambdaTilde = -0.348970 +/- 0.017603 L(-1.2 - 1.2) 
