lambdaTheta =  0.058611 +/- 0.0066784 L(-1.2 - 1.2) 
lambdaPhi =  0.029497 +/- 0.0012486 L(-1.2 - 1.2) 
lambdaThetaPhi =  0.17356 +/- 0.0037376 L(-1.2 - 1.2) 
lambdaTilde =  0.15157 +/- 0.0038839 L(-1.2 - 1.2) 
