lambdaTheta =  0.12735 +/- 0.0067611 L(-3 - 3) 
lambdaPhi =  0.036541 +/- 0.0012438 L(-3 - 3) 
lambdaThetaPhi =  0.15409 +/- 0.0038120 L(-3 - 3) 
lambdaTilde =  0.24596 +/- 0.0037825 L(-3 - 3) 
