lambdaTheta =  0.76563 +/- 0.33590 L(-1.2 - 1.2) 
lambdaPhi = -0.126234 +/- 0.051813 L(-1.2 - 1.2) 
lambdaThetaPhi = -0.115713 +/- 0.095351 L(-1.2 - 1.2) 
lambdaTilde =  0.34356 +/- 0.13058 L(-1.2 - 1.2) 
