lambdaTheta =  0.051594 +/- 0.17681 L(-1.2 - 1.2) 
lambdaPhi = -0.0273257 +/- 0.045653 L(-1.2 - 1.2) 
lambdaThetaPhi = -0.0441484 +/- 0.10331 L(-1.2 - 1.2) 
lambdaTilde = -0.0295749 +/- 0.14177 L(-1.2 - 1.2) 
