lambdaTheta = -0.0461946 +/- 0.15250 L(-2 - 2) 
lambdaPhi =  0.037553 +/- 0.028503 L(-2 - 2) 
lambdaThetaPhi =  0.044893 +/- 0.062493 L(-2 - 2) 
lambdaTilde =  0.069056 +/- 0.091715 L(-2 - 2) 
