lambdaTheta = -0.206463 +/- 0.14779 L(-3 - 3) 
lambdaPhi =  0.036073 +/- 0.028084 L(-3 - 3) 
lambdaThetaPhi =  0.046870 +/- 0.061541 L(-3 - 3) 
lambdaTilde = -0.101921 +/- 0.094955 L(-3 - 3) 
