lambdaTheta =  0.11965 +/- 0.0067580 L(-3 - 3) 
lambdaPhi =  0.035036 +/- 0.0012442 L(-3 - 3) 
lambdaThetaPhi =  0.15362 +/- 0.0038065 L(-3 - 3) 
lambdaTilde =  0.23291 +/- 0.0037935 L(-3 - 3) 
