lambdaTheta =  0.33102 +/- 0.18649 L(-2 - 2) 
lambdaPhi =  0.046453 +/- 0.026052 L(-2 - 2) 
lambdaThetaPhi =  0.10705 +/- 0.061425 L(-2 - 2) 
lambdaTilde =  0.49329 +/- 0.073734 L(-2 - 2) 
