lambdaTheta =  0.40327 +/- 0.17761 L(-3 - 3) 
lambdaPhi = -0.0659415 +/- 0.047548 L(-3 - 3) 
lambdaThetaPhi =  0.10350 +/- 0.11328 L(-3 - 3) 
lambdaTilde =  0.19274 +/- 0.13293 L(-3 - 3) 
