lambdaTheta =  1.3052 +/- 0.38871 L(-2 - 2) 
lambdaPhi = -0.0305985 +/- 0.049935 L(-2 - 2) 
lambdaThetaPhi = -0.135324 +/- 0.096418 L(-2 - 2) 
lambdaTilde =  1.1773 +/- 0.10073 L(-2 - 2) 
