lambdaTheta =  0.044185 +/- 0.22156 L(-2 - 2) 
lambdaPhi = -0.0258989 +/- 0.050740 L(-2 - 2) 
lambdaThetaPhi = -0.0257914 +/- 0.079135 L(-2 - 2) 
lambdaTilde = -0.0326656 +/- 0.15794 L(-2 - 2) 
