lambdaTheta =  0.58649 +/- 0.013112 L(-1.2 - 1.2) 
lambdaPhi = -0.173853 +/- 0.0021177 L(-1.2 - 1.2) 
lambdaThetaPhi = -0.124180 +/- 0.0041491 L(-1.2 - 1.2) 
lambdaTilde =  0.055313 +/- 0.0056103 L(-1.2 - 1.2) 
