lambdaTheta = -0.329136 +/- 0.21531 L(-1.2 - 1.2) 
lambdaPhi =  0.015429 +/- 0.032309 L(-1.2 - 1.2) 
lambdaThetaPhi =  0.15155 +/- 0.082043 L(-1.2 - 1.2) 
lambdaTilde = -0.287281 +/- 0.11275 L(-1.2 - 1.2) 
