lambdaTheta = -0.0410881 +/- 0.23348 L(-3 - 3) 
lambdaPhi =  0.059665 +/- 0.064110 L(-3 - 3) 
lambdaThetaPhi = -0.0102719 +/- 0.12257 L(-3 - 3) 
lambdaTilde =  0.14666 +/- 0.20614 L(-3 - 3) 
