lambdaTheta =  0.013833 +/- 0.28469 L(-1.2 - 1.2) 
lambdaPhi =  0.14254 +/- 0.11623 L(-1.2 - 1.2) 
lambdaThetaPhi = -0.483115 +/- 0.26907 L(-1.2 - 1.2) 
lambdaTilde =  0.51484 +/- 0.36311 L(-1.2 - 1.2) 
