lambdaTheta = -0.0752196 +/- 0.22869 L(-3 - 3) 
lambdaPhi =  0.065794 +/- 0.063253 L(-3 - 3) 
lambdaThetaPhi = -0.00987515 +/- 0.12170 L(-3 - 3) 
lambdaTilde =  0.13077 +/- 0.20573 L(-3 - 3) 
