lambdaTheta = -0.100677 +/- 0.17619 L(-1.2 - 1.2) 
lambdaPhi = -0.0189557 +/- 0.051895 L(-1.2 - 1.2) 
lambdaThetaPhi =  0.15282 +/- 0.099643 L(-1.2 - 1.2) 
lambdaTilde = -0.154614 +/- 0.16854 L(-1.2 - 1.2) 
