lambdaTheta =  0.40629 +/- 0.17678 L(-3 - 3) 
lambdaPhi = -0.0525921 +/- 0.047314 L(-3 - 3) 
lambdaThetaPhi =  0.10602 +/- 0.11446 L(-3 - 3) 
lambdaTilde =  0.23610 +/- 0.13212 L(-3 - 3) 
