lambdaTheta =  0.40486 +/- 0.0017727 L(-3 - 3) 
lambdaPhi = -0.0589761 +/- 0.00047427 L(-3 - 3) 
lambdaThetaPhi =  0.10481 +/- 0.0011392 L(-3 - 3) 
lambdaTilde =  0.21524 +/- 0.0013252 L(-3 - 3) 
