lambdaTheta =  0.32967 +/- 0.18659 L(-3 - 3) 
lambdaPhi =  0.046909 +/- 0.026045 L(-3 - 3) 
lambdaThetaPhi =  0.10658 +/- 0.061418 L(-3 - 3) 
lambdaTilde =  0.49355 +/- 0.073745 L(-3 - 3) 
