lambdaTheta = -0.0683987 +/- 0.23169 L(-3 - 3) 
lambdaPhi =  0.041133 +/- 0.064008 L(-3 - 3) 
lambdaThetaPhi = -0.0100546 +/- 0.12054 L(-3 - 3) 
lambdaTilde =  0.057360 +/- 0.20746 L(-3 - 3) 
