lambdaTheta =  0.40614 +/- 0.17743 L(-2 - 2) 
lambdaPhi = -0.0607304 +/- 0.047547 L(-2 - 2) 
lambdaThetaPhi =  0.10496 +/- 0.11408 L(-2 - 2) 
lambdaTilde =  0.21113 +/- 0.13280 L(-2 - 2) 
