lambdaTheta =  0.090264 +/- 0.22790 L(-1.2 - 1.2) 
lambdaPhi = -0.0174516 +/- 0.052249 L(-1.2 - 1.2) 
lambdaThetaPhi = -0.00169223 +/- 0.082425 L(-1.2 - 1.2) 
lambdaTilde =  0.037259 +/- 0.16058 L(-1.2 - 1.2) 
