lambdaTheta =  1.2000 +/- 0.38787 L(-1.2 - 1.2) 
lambdaPhi = -0.0307167 +/- 0.049913 L(-1.2 - 1.2) 
lambdaThetaPhi = -0.135269 +/- 0.096304 L(-1.2 - 1.2) 
lambdaTilde =  1.1665 +/- 0.10113 L(-1.2 - 1.2) 
