lambdaTheta =  1.2000 +/- 0.014973 L(-1.2 - 1.2) 
lambdaPhi = -0.0781370 +/- 0.0017012 L(-1.2 - 1.2) 
lambdaThetaPhi = -0.125097 +/- 0.0041730 L(-1.2 - 1.2) 
lambdaTilde =  0.97953 +/- 0.0035572 L(-1.2 - 1.2) 
