lambdaTheta = -0.0744152 +/- 0.22970 L(-3 - 3) 
lambdaPhi =  0.056284 +/- 0.063532 L(-3 - 3) 
lambdaThetaPhi = -0.0103233 +/- 0.12112 L(-3 - 3) 
lambdaTilde =  0.10007 +/- 0.20651 L(-3 - 3) 
