lambdaTheta =  0.34770 +/- 0.28359 L(-1.2 - 1.2) 
lambdaPhi = -0.0437502 +/- 0.053919 L(-1.2 - 1.2) 
lambdaThetaPhi = -0.0907648 +/- 0.085686 L(-1.2 - 1.2) 
lambdaTilde =  0.20737 +/- 0.15323 L(-1.2 - 1.2) 
