lambdaTheta =  0.054097 +/- 0.22433 L(-3 - 3) 
lambdaPhi = -0.0225368 +/- 0.051188 L(-3 - 3) 
lambdaThetaPhi = -0.0181672 +/- 0.079926 L(-3 - 3) 
lambdaTilde = -0.0132153 +/- 0.15893 L(-3 - 3) 
