lambdaTheta = -0.0732817 +/- 0.23027 L(-2 - 2) 
lambdaPhi =  0.052924 +/- 0.063853 L(-2 - 2) 
lambdaThetaPhi = -0.00973030 +/- 0.12163 L(-2 - 2) 
lambdaTilde =  0.090268 +/- 0.20744 L(-2 - 2) 
