lambdaTheta =  1.2918 +/- 0.014991 L(-3 - 3) 
lambdaPhi = -0.0783463 +/- 0.0017013 L(-3 - 3) 
lambdaThetaPhi = -0.124910 +/- 0.0041737 L(-3 - 3) 
lambdaTilde =  0.98000 +/- 0.0035562 L(-3 - 3) 
