lambdaTheta =  0.40325 +/- 0.17708 L(-1.2 - 1.2) 
lambdaPhi = -0.0578237 +/- 0.047488 L(-1.2 - 1.2) 
lambdaThetaPhi =  0.10470 +/- 0.11408 L(-1.2 - 1.2) 
lambdaTilde =  0.21722 +/- 0.13275 L(-1.2 - 1.2) 
