lambdaTheta =  0.048391 +/- 0.17687 L(-1.2 - 1.2) 
lambdaPhi = -0.0264854 +/- 0.045633 L(-1.2 - 1.2) 
lambdaThetaPhi = -0.0452446 +/- 0.10321 L(-1.2 - 1.2) 
lambdaTilde = -0.0302636 +/- 0.14186 L(-1.2 - 1.2) 
