lambdaTheta =  1.3156 +/- 0.38964 L(-2 - 2) 
lambdaPhi = -0.0302602 +/- 0.049954 L(-2 - 2) 
lambdaThetaPhi = -0.135533 +/- 0.096524 L(-2 - 2) 
lambdaTilde =  1.1888 +/- 0.10031 L(-2 - 2) 
