lambdaTheta =  0.27493 +/- 0.19711 L(-3 - 3) 
lambdaPhi =  0.058752 +/- 0.032098 L(-3 - 3) 
lambdaThetaPhi =  0.18395 +/- 0.089731 L(-3 - 3) 
lambdaTilde =  0.47935 +/- 0.092476 L(-3 - 3) 
