lambdaTheta =  0.76577 +/- 0.33705 L(-3 - 3) 
lambdaPhi = -0.126213 +/- 0.051817 L(-3 - 3) 
lambdaThetaPhi = -0.115671 +/- 0.095372 L(-3 - 3) 
lambdaTilde =  0.34375 +/- 0.13059 L(-3 - 3) 
