lambdaTheta =  0.11331 +/- 0.0067437 L(-3 - 3) 
lambdaPhi =  0.031019 +/- 0.0012459 L(-3 - 3) 
lambdaThetaPhi =  0.15356 +/- 0.0038013 L(-3 - 3) 
lambdaTilde =  0.21298 +/- 0.0038073 L(-3 - 3) 
