lambdaTheta = -0.350801 +/- 0.15450 L(-1.2 - 1.2) 
lambdaPhi = -0.0868094 +/- 0.035702 L(-1.2 - 1.2) 
lambdaThetaPhi =  0.024741 +/- 0.068968 L(-1.2 - 1.2) 
lambdaTilde = -0.562407 +/- 0.12155 L(-1.2 - 1.2) 
