lambdaTheta =  0.16413 +/- 0.010331 L(-1.2 - 1.2) 
lambdaPhi = -0.0342239 +/- 0.0027065 L(-1.2 - 1.2) 
lambdaThetaPhi = -0.0341222 +/- 0.0055448 L(-1.2 - 1.2) 
lambdaTilde =  0.059426 +/- 0.0081282 L(-1.2 - 1.2) 
