lambdaTheta = -0.0713194 +/- 0.23029 L(-3 - 3) 
lambdaPhi =  0.052956 +/- 0.063652 L(-3 - 3) 
lambdaThetaPhi = -0.00992000 +/- 0.12114 L(-3 - 3) 
lambdaTilde =  0.092444 +/- 0.20665 L(-3 - 3) 
