lambdaTheta =  0.82008 +/- 0.32630 L(-3 - 3) 
lambdaPhi = -0.0879954 +/- 0.049747 L(-3 - 3) 
lambdaThetaPhi = -0.136920 +/- 0.091993 L(-3 - 3) 
lambdaTilde =  0.51112 +/- 0.12264 L(-3 - 3) 
