lambdaTheta =  0.045324 +/- 0.22168 L(-3 - 3) 
lambdaPhi = -0.0259598 +/- 0.050683 L(-3 - 3) 
lambdaThetaPhi = -0.0257323 +/- 0.078982 L(-3 - 3) 
lambdaTilde = -0.0317316 +/- 0.15771 L(-3 - 3) 
