lambdaTheta =  1.2000 +/- 0.0041132 L(-1.2 - 1.2) 
lambdaPhi =  0.34103 +/- 0.021937 L(-1.2 - 1.2) 
lambdaThetaPhi = -1.20000 +/- 0.061723 L(-1.2 - 1.2) 
lambdaTilde =  1.2000 +/- 0.062460 L(-1.2 - 1.2) 
