lambdaTheta =  0.042832 +/- 0.22146 L(-1.2 - 1.2) 
lambdaPhi = -0.0259027 +/- 0.050733 L(-1.2 - 1.2) 
lambdaThetaPhi = -0.0256365 +/- 0.079112 L(-1.2 - 1.2) 
lambdaTilde = -0.0339952 +/- 0.15798 L(-1.2 - 1.2) 
