lambdaTheta =  0.049357 +/- 0.17667 L(-3 - 3) 
lambdaPhi = -0.0273401 +/- 0.045601 L(-3 - 3) 
lambdaThetaPhi = -0.0439734 +/- 0.10315 L(-3 - 3) 
lambdaTilde = -0.0317938 +/- 0.14171 L(-3 - 3) 
