lambdaTheta =  0.045278 +/- 0.22189 L(-3 - 3) 
lambdaPhi = -0.0260976 +/- 0.050752 L(-3 - 3) 
lambdaThetaPhi = -0.0257297 +/- 0.079161 L(-3 - 3) 
lambdaTilde = -0.0321749 +/- 0.15792 L(-3 - 3) 
