lambdaTheta =  0.33792 +/- 0.18673 L(-3 - 3) 
lambdaPhi =  0.048927 +/- 0.026007 L(-3 - 3) 
lambdaThetaPhi =  0.10661 +/- 0.061415 L(-3 - 3) 
lambdaTilde =  0.50963 +/- 0.073383 L(-3 - 3) 
