lambdaTheta =  0.33813 +/- 0.18682 L(-3 - 3) 
lambdaPhi =  0.048353 +/- 0.026011 L(-3 - 3) 
lambdaThetaPhi =  0.10599 +/- 0.061354 L(-3 - 3) 
lambdaTilde =  0.50774 +/- 0.073398 L(-3 - 3) 
