lambdaTheta = -0.0747722 +/- 0.23005 L(-1.2 - 1.2) 
lambdaPhi =  0.053959 +/- 0.063811 L(-1.2 - 1.2) 
lambdaThetaPhi = -0.00982144 +/- 0.12159 L(-1.2 - 1.2) 
lambdaTilde =  0.092074 +/- 0.20742 L(-1.2 - 1.2) 
