lambdaTheta =  0.053869 +/- 0.17695 L(-3 - 3) 
lambdaPhi = -0.0272453 +/- 0.045613 L(-3 - 3) 
lambdaThetaPhi = -0.0442073 +/- 0.10334 L(-3 - 3) 
lambdaTilde = -0.0271280 +/- 0.14156 L(-3 - 3) 
