lambdaTheta =  0.33042 +/- 0.0018653 L(-3 - 3) 
lambdaPhi =  0.046988 +/- 0.00026014 L(-3 - 3) 
lambdaThetaPhi =  0.10644 +/- 0.00061284 L(-3 - 3) 
lambdaTilde =  0.49463 +/- 0.00073635 L(-3 - 3) 
