lambdaTheta =  1.3054 +/- 0.38890 L(-2 - 2) 
lambdaPhi = -0.0305845 +/- 0.049935 L(-2 - 2) 
lambdaThetaPhi = -0.135310 +/- 0.096416 L(-2 - 2) 
lambdaTilde =  1.1776 +/- 0.10072 L(-2 - 2) 
