lambdaTheta =  0.35816 +/- 0.33231 L(-1.2 - 1.2) 
lambdaPhi = -0.310283 +/- 0.089013 L(-1.2 - 1.2) 
lambdaThetaPhi = -0.0206450 +/- 0.15751 L(-1.2 - 1.2) 
lambdaTilde = -0.437071 +/- 0.24318 L(-1.2 - 1.2) 
