lambdaTheta = -0.0503436 +/- 0.15226 L(-1.2 - 1.2) 
lambdaPhi =  0.037044 +/- 0.028501 L(-1.2 - 1.2) 
lambdaThetaPhi =  0.044894 +/- 0.062409 L(-1.2 - 1.2) 
lambdaTilde =  0.063128 +/- 0.091826 L(-1.2 - 1.2) 
