lambdaTheta = -0.0461627 +/- 0.15242 L(-1.2 - 1.2) 
lambdaPhi =  0.037605 +/- 0.028503 L(-1.2 - 1.2) 
lambdaThetaPhi =  0.044892 +/- 0.062489 L(-1.2 - 1.2) 
lambdaTilde =  0.069255 +/- 0.091714 L(-1.2 - 1.2) 
