lambdaTheta = -0.0696277 +/- 0.23062 L(-3 - 3) 
lambdaPhi =  0.051115 +/- 0.063717 L(-3 - 3) 
lambdaThetaPhi = -0.00960904 +/- 0.12113 L(-3 - 3) 
lambdaTilde =  0.088226 +/- 0.20673 L(-3 - 3) 
