lambdaTheta =  0.40450 +/- 0.17724 L(-2 - 2) 
lambdaPhi = -0.0593102 +/- 0.047517 L(-2 - 2) 
lambdaThetaPhi =  0.10481 +/- 0.11407 L(-2 - 2) 
lambdaTilde =  0.21388 +/- 0.13278 L(-2 - 2) 
