lambdaTheta =  0.32225 +/- 0.18616 L(-3 - 3) 
lambdaPhi =  0.044890 +/- 0.026021 L(-3 - 3) 
lambdaThetaPhi =  0.10627 +/- 0.061132 L(-3 - 3) 
lambdaTilde =  0.47840 +/- 0.073904 L(-3 - 3) 
