lambdaTheta = -0.332448 +/- 0.0097088 L(-1.2 - 1.2) 
lambdaPhi = -0.00829179 +/- 0.0050878 L(-1.2 - 1.2) 
lambdaThetaPhi =  0.015561 +/- 0.010608 L(-1.2 - 1.2) 
lambdaTilde = -0.354385 +/- 0.017662 L(-1.2 - 1.2) 
