lambdaTheta =  0.12020 +/- 0.0067497 L(-3 - 3) 
lambdaPhi =  0.034640 +/- 0.0012444 L(-3 - 3) 
lambdaThetaPhi =  0.15388 +/- 0.0038070 L(-3 - 3) 
lambdaTilde =  0.23216 +/- 0.0037936 L(-3 - 3) 
