lambdaTheta =  1.0878 +/- 0.32327 L(-1.2 - 1.2) 
lambdaPhi = -0.0855668 +/- 0.049032 L(-1.2 - 1.2) 
lambdaThetaPhi = -0.127988 +/- 0.091016 L(-1.2 - 1.2) 
lambdaTilde =  0.76561 +/- 0.11057 L(-1.2 - 1.2) 
