lambdaTheta =  0.052120 +/- 0.0066631 L(-1.2 - 1.2) 
lambdaPhi =  0.029661 +/- 0.0012487 L(-1.2 - 1.2) 
lambdaThetaPhi =  0.18247 +/- 0.0037144 L(-1.2 - 1.2) 
lambdaTilde =  0.14542 +/- 0.0038922 L(-1.2 - 1.2) 
