lambdaTheta =  0.045908 +/- 0.22172 L(-3 - 3) 
lambdaPhi = -0.0262608 +/- 0.050691 L(-3 - 3) 
lambdaThetaPhi = -0.0256520 +/- 0.078984 L(-3 - 3) 
lambdaTilde = -0.0320332 +/- 0.15770 L(-3 - 3) 
