lambdaTheta =  0.12050 +/- 0.0067591 L(-3 - 3) 
lambdaPhi =  0.034667 +/- 0.0012444 L(-3 - 3) 
lambdaThetaPhi =  0.15396 +/- 0.0038072 L(-3 - 3) 
lambdaTilde =  0.23257 +/- 0.0037933 L(-3 - 3) 
