lambdaTheta = -0.110263 +/- 0.096617 L(-2 - 2) 
lambdaPhi =  0.10030 +/- 0.059830 L(-2 - 2) 
lambdaThetaPhi =  0.0057175 +/- 0.084246 L(-2 - 2) 
lambdaTilde =  0.21190 +/- 0.19697 L(-2 - 2) 
