lambdaTheta = -0.325498 +/- 0.0097231 L(-1.2 - 1.2) 
lambdaPhi = -0.0181656 +/- 0.0051043 L(-1.2 - 1.2) 
lambdaThetaPhi =  0.020720 +/- 0.010638 L(-1.2 - 1.2) 
lambdaTilde = -0.373215 +/- 0.017638 L(-1.2 - 1.2) 
