lambdaTheta =  1.2000 +/- 0.014965 L(-1.2 - 1.2) 
lambdaPhi = -0.0928462 +/- 0.0017227 L(-1.2 - 1.2) 
lambdaThetaPhi = -0.144605 +/- 0.0041712 L(-1.2 - 1.2) 
lambdaTilde =  0.88835 +/- 0.0036830 L(-1.2 - 1.2) 
