lambdaTheta = -0.0460997 +/- 0.15243 L(-2 - 2) 
lambdaPhi =  0.037601 +/- 0.028504 L(-2 - 2) 
lambdaThetaPhi =  0.044873 +/- 0.062489 L(-2 - 2) 
lambdaTilde =  0.069308 +/- 0.091713 L(-2 - 2) 
