lambdaTheta = -0.336788 +/- 0.0096446 L(-1.2 - 1.2) 
lambdaPhi = -0.00399507 +/- 0.0050713 L(-1.2 - 1.2) 
lambdaThetaPhi =  0.0070396 +/- 0.010658 L(-1.2 - 1.2) 
lambdaTilde = -0.347385 +/- 0.017646 L(-1.2 - 1.2) 
