lambdaTheta =  0.051892 +/- 0.17679 L(-3 - 3) 
lambdaPhi = -0.0271721 +/- 0.045605 L(-3 - 3) 
lambdaThetaPhi = -0.0441118 +/- 0.10326 L(-3 - 3) 
lambdaTilde = -0.0288407 +/- 0.14161 L(-3 - 3) 
