lambdaTheta =  0.56910 +/- 0.34970 L(-1.2 - 1.2) 
lambdaPhi = -0.160931 +/- 0.060065 L(-1.2 - 1.2) 
lambdaThetaPhi = -0.118559 +/- 0.097778 L(-1.2 - 1.2) 
lambdaTilde =  0.074343 +/- 0.15997 L(-1.2 - 1.2) 
