lambdaTheta =  0.052410 +/- 0.54459 L(-1.2 - 1.2) 
lambdaPhi = -0.0521079 +/- 0.12332 L(-1.2 - 1.2) 
lambdaThetaPhi = -0.0743516 +/- 0.18473 L(-1.2 - 1.2) 
lambdaTilde = -0.0987675 +/- 0.38165 L(-1.2 - 1.2) 
