lambdaTheta =  0.33417 +/- 0.21142 L(-1.2 - 1.2) 
lambdaPhi = -0.280832 +/- 0.061725 L(-1.2 - 1.2) 
lambdaThetaPhi =  0.089002 +/- 0.12270 L(-1.2 - 1.2) 
lambdaTilde = -0.396871 +/- 0.17065 L(-1.2 - 1.2) 
