lambdaTheta = -0.0460264 +/- 0.15241 L(-2 - 2) 
lambdaPhi =  0.037554 +/- 0.028471 L(-2 - 2) 
lambdaThetaPhi =  0.044815 +/- 0.062416 L(-2 - 2) 
lambdaTilde =  0.069236 +/- 0.091604 L(-2 - 2) 
