lambdaTheta =  0.35880 +/- 0.37575 L(-1.2 - 1.2) 
lambdaPhi = -0.0462806 +/- 0.055568 L(-1.2 - 1.2) 
lambdaThetaPhi = -0.0407944 +/- 0.11436 L(-1.2 - 1.2) 
lambdaTilde =  0.21023 +/- 0.15740 L(-1.2 - 1.2) 
