lambdaTheta = -0.0757833 +/- 0.16842 L(-1.2 - 1.2) 
lambdaPhi = -0.134936 +/- 0.048406 L(-1.2 - 1.2) 
lambdaThetaPhi = -0.00221514 +/- 0.096652 L(-1.2 - 1.2) 
lambdaTilde = -0.423452 +/- 0.15212 L(-1.2 - 1.2) 
