lambdaTheta =  0.060983 +/- 0.17739 L(-3 - 3) 
lambdaPhi = -0.0272386 +/- 0.045637 L(-3 - 3) 
lambdaThetaPhi = -0.0442086 +/- 0.10351 L(-3 - 3) 
lambdaTilde = -0.0201834 +/- 0.14134 L(-3 - 3) 
