lambdaTheta =  0.27438 +/- 0.20791 L(-1.2 - 1.2) 
lambdaPhi =  0.034658 +/- 0.057646 L(-1.2 - 1.2) 
lambdaThetaPhi =  0.041221 +/- 0.13575 L(-1.2 - 1.2) 
lambdaTilde =  0.39194 +/- 0.16680 L(-1.2 - 1.2) 
