lambdaTheta =  0.051291 +/- 0.17680 L(-3 - 3) 
lambdaPhi = -0.0274160 +/- 0.045608 L(-3 - 3) 
lambdaThetaPhi = -0.0440687 +/- 0.10323 L(-3 - 3) 
lambdaTilde = -0.0301306 +/- 0.14165 L(-3 - 3) 
