lambdaTheta = -0.0461657 +/- 0.15253 L(-3 - 3) 
lambdaPhi =  0.037600 +/- 0.028504 L(-3 - 3) 
lambdaThetaPhi =  0.044897 +/- 0.062494 L(-3 - 3) 
lambdaTilde =  0.069237 +/- 0.091717 L(-3 - 3) 
