lambdaTheta =  1.3225 +/- 0.39153 L(-3 - 3) 
lambdaPhi = -0.0237028 +/- 0.049866 L(-3 - 3) 
lambdaThetaPhi = -0.132446 +/- 0.096310 L(-3 - 3) 
lambdaTilde =  1.2224 +/- 0.099349 L(-3 - 3) 
