lambdaTheta =  1.1512 +/- 0.014537 L(-1.2 - 1.2) 
lambdaPhi = -0.0804235 +/- 0.0016958 L(-1.2 - 1.2) 
lambdaThetaPhi = -0.132344 +/- 0.0041326 L(-1.2 - 1.2) 
lambdaTilde =  0.84219 +/- 0.0037329 L(-1.2 - 1.2) 
