lambdaTheta =  0.40493 +/- 0.17727 L(-1.2 - 1.2) 
lambdaPhi = -0.0592605 +/- 0.047518 L(-1.2 - 1.2) 
lambdaThetaPhi =  0.10486 +/- 0.11409 L(-1.2 - 1.2) 
lambdaTilde =  0.21444 +/- 0.13277 L(-1.2 - 1.2) 
