lambdaTheta =  1.2000 +/- 0.27541 L(-1.2 - 1.2) 
lambdaPhi = -0.0132972 +/- 0.080347 L(-1.2 - 1.2) 
lambdaThetaPhi =  0.21141 +/- 0.17145 L(-1.2 - 1.2) 
lambdaTilde =  1.2000 +/- 0.11587 L(-1.2 - 1.2) 
