lambdaTheta =  0.25314 +/- 0.0070157 L(-1.2 - 1.2) 
lambdaPhi =  0.049910 +/- 0.0012483 L(-1.2 - 1.2) 
lambdaThetaPhi =  0.14989 +/- 0.0039433 L(-1.2 - 1.2) 
lambdaTilde =  0.42404 +/- 0.0036306 L(-1.2 - 1.2) 
