lambdaTheta =  0.34565 +/- 0.0083499 L(-1.2 - 1.2) 
lambdaPhi = -0.106199 +/- 0.0029652 L(-1.2 - 1.2) 
lambdaThetaPhi =  0.12545 +/- 0.0072727 L(-1.2 - 1.2) 
lambdaTilde =  0.024454 +/- 0.0084145 L(-1.2 - 1.2) 
