lambdaTheta =  1.2000 +/- 0.38582 L(-1.2 - 1.2) 
lambdaPhi = -0.0372994 +/- 0.050002 L(-1.2 - 1.2) 
lambdaThetaPhi = -0.150208 +/- 0.096069 L(-1.2 - 1.2) 
lambdaTilde =  1.1281 +/- 0.10230 L(-1.2 - 1.2) 
