lambdaTheta = -0.0731126 +/- 0.23030 L(-2 - 2) 
lambdaPhi =  0.052780 +/- 0.063858 L(-2 - 2) 
lambdaThetaPhi = -0.00971723 +/- 0.12163 L(-2 - 2) 
lambdaTilde =  0.089977 +/- 0.20744 L(-2 - 2) 
