lambdaTheta =  0.051762 +/- 0.17683 L(-1.2 - 1.2) 
lambdaPhi = -0.0274709 +/- 0.045656 L(-1.2 - 1.2) 
lambdaThetaPhi = -0.0441480 +/- 0.10330 L(-1.2 - 1.2) 
lambdaTilde = -0.0298310 +/- 0.14178 L(-1.2 - 1.2) 
