lambdaTheta =  0.56428 +/- 0.013028 L(-1.2 - 1.2) 
lambdaPhi = -0.134716 +/- 0.0020836 L(-1.2 - 1.2) 
lambdaThetaPhi = -0.132814 +/- 0.0041490 L(-1.2 - 1.2) 
lambdaTilde =  0.14112 +/- 0.0055616 L(-1.2 - 1.2) 
