lambdaTheta = -0.0714804 +/- 0.0023051 L(-3 - 3) 
lambdaPhi =  0.053033 +/- 0.00063652 L(-3 - 3) 
lambdaThetaPhi = -0.00995650 +/- 0.0012114 L(-3 - 3) 
lambdaTilde =  0.092526 +/- 0.0020667 L(-3 - 3) 
