lambdaTheta =  0.34201 +/- 0.0083411 L(-1.2 - 1.2) 
lambdaPhi = -0.106658 +/- 0.0029667 L(-1.2 - 1.2) 
lambdaThetaPhi =  0.12848 +/- 0.0072526 L(-1.2 - 1.2) 
lambdaTilde =  0.019915 +/- 0.0084269 L(-1.2 - 1.2) 
