lambdaTheta = -0.267975 +/- 0.15855 L(-1.2 - 1.2) 
lambdaPhi = -0.0598733 +/- 0.037618 L(-1.2 - 1.2) 
lambdaThetaPhi =  0.13052 +/- 0.079772 L(-1.2 - 1.2) 
lambdaTilde = -0.422310 +/- 0.12655 L(-1.2 - 1.2) 
