lambdaTheta = -0.134008 +/- 0.0060132 L(-1.2 - 1.2) 
lambdaPhi =  0.029148 +/- 0.0013846 L(-1.2 - 1.2) 
lambdaThetaPhi =  0.075029 +/- 0.0028308 L(-1.2 - 1.2) 
lambdaTilde = -0.0479619 +/- 0.0045749 L(-1.2 - 1.2) 
