lambdaTheta = -0.0521217 +/- 0.15219 L(-3 - 3) 
lambdaPhi =  0.034686 +/- 0.028491 L(-3 - 3) 
lambdaThetaPhi =  0.045473 +/- 0.062289 L(-3 - 3) 
lambdaTilde =  0.053802 +/- 0.091828 L(-3 - 3) 
