lambdaTheta = -0.0423432 +/- 0.15259 L(-3 - 3) 
lambdaPhi =  0.037796 +/- 0.028476 L(-3 - 3) 
lambdaThetaPhi =  0.044403 +/- 0.062479 L(-3 - 3) 
lambdaTilde =  0.073836 +/- 0.091515 L(-3 - 3) 
