lambdaTheta =  0.32028 +/- 0.18601 L(-3 - 3) 
lambdaPhi =  0.044196 +/- 0.026028 L(-3 - 3) 
lambdaThetaPhi =  0.10655 +/- 0.061152 L(-3 - 3) 
lambdaTilde =  0.47381 +/- 0.073985 L(-3 - 3) 
