lambdaTheta =  0.95209 +/- 0.38492 L(-1.2 - 1.2) 
lambdaPhi = -0.0489976 +/- 0.050122 L(-1.2 - 1.2) 
lambdaThetaPhi = -0.168189 +/- 0.098988 L(-1.2 - 1.2) 
lambdaTilde =  0.76749 +/- 0.11688 L(-1.2 - 1.2) 
