lambdaTheta =  0.047218 +/- 0.17668 L(-3 - 3) 
lambdaPhi = -0.0284674 +/- 0.045615 L(-3 - 3) 
lambdaThetaPhi = -0.0441445 +/- 0.10301 L(-3 - 3) 
lambdaTilde = -0.0371274 +/- 0.14182 L(-3 - 3) 
