lambdaTheta = -1.00860 +/- 0.22831 L(-1.2 - 1.2) 
lambdaPhi =  0.010514 +/- 0.067669 L(-1.2 - 1.2) 
lambdaThetaPhi = -0.0388863 +/- 0.086550 L(-1.2 - 1.2) 
lambdaTilde = -0.987441 +/- 0.28114 L(-1.2 - 1.2) 
