lambdaTheta =  0.12123 +/- 0.0067553 L(-3 - 3) 
lambdaPhi =  0.034492 +/- 0.0012446 L(-3 - 3) 
lambdaThetaPhi =  0.15388 +/- 0.0038079 L(-3 - 3) 
lambdaTilde =  0.23274 +/- 0.0037929 L(-3 - 3) 
