lambdaTheta = -0.0461690 +/- 0.15250 L(-2 - 2) 
lambdaPhi =  0.037600 +/- 0.028504 L(-2 - 2) 
lambdaThetaPhi =  0.044894 +/- 0.062494 L(-2 - 2) 
lambdaTilde =  0.069235 +/- 0.091716 L(-2 - 2) 
