lambdaTheta =  0.33015 +/- 0.18642 L(-2 - 2) 
lambdaPhi =  0.046772 +/- 0.026047 L(-2 - 2) 
lambdaThetaPhi =  0.10656 +/- 0.061415 L(-2 - 2) 
lambdaTilde =  0.49355 +/- 0.073740 L(-2 - 2) 
