lambdaTheta =  0.46468 +/- 0.18826 L(-1.2 - 1.2) 
lambdaPhi = -0.125545 +/- 0.048767 L(-1.2 - 1.2) 
lambdaThetaPhi =  0.094206 +/- 0.10822 L(-1.2 - 1.2) 
lambdaTilde =  0.078225 +/- 0.13380 L(-1.2 - 1.2) 
