lambdaTheta = -0.174031 +/- 0.15541 L(-1.2 - 1.2) 
lambdaPhi = -0.0556881 +/- 0.045956 L(-1.2 - 1.2) 
lambdaThetaPhi =  0.0045121 +/- 0.098514 L(-1.2 - 1.2) 
lambdaTilde = -0.323102 +/- 0.15107 L(-1.2 - 1.2) 
