lambdaTheta =  1.2901 +/- 0.014978 L(-3 - 3) 
lambdaPhi = -0.0781635 +/- 0.0017012 L(-3 - 3) 
lambdaThetaPhi = -0.125069 +/- 0.0041730 L(-3 - 3) 
lambdaTilde =  0.97910 +/- 0.0035577 L(-3 - 3) 
