lambdaTheta =  1.4302 +/- 0.39454 L(-3 - 3) 
lambdaPhi = -0.0285334 +/- 0.049873 L(-3 - 3) 
lambdaThetaPhi = -0.125852 +/- 0.096299 L(-3 - 3) 
lambdaTilde =  1.3073 +/- 0.095333 L(-3 - 3) 
