lambdaTheta = -0.455021 +/- 0.13403 L(-1.2 - 1.2) 
lambdaPhi = -0.0980086 +/- 0.031207 L(-1.2 - 1.2) 
lambdaThetaPhi =  0.063663 +/- 0.053749 L(-1.2 - 1.2) 
lambdaTilde = -0.682187 +/- 0.10844 L(-1.2 - 1.2) 
