lambdaTheta = -0.0469351 +/- 0.15253 L(-2 - 2) 
lambdaPhi =  0.037226 +/- 0.028507 L(-2 - 2) 
lambdaThetaPhi =  0.044463 +/- 0.062466 L(-2 - 2) 
lambdaTilde =  0.067245 +/- 0.091746 L(-2 - 2) 
