lambdaTheta =  0.41964 +/- 0.18844 L(-3 - 3) 
lambdaPhi =  0.047097 +/- 0.026137 L(-3 - 3) 
lambdaThetaPhi =  0.10157 +/- 0.061626 L(-3 - 3) 
lambdaTilde =  0.58866 +/- 0.071603 L(-3 - 3) 
