lambdaTheta = -0.0514244 +/- 0.15222 L(-3 - 3) 
lambdaPhi =  0.035217 +/- 0.028486 L(-3 - 3) 
lambdaThetaPhi =  0.044877 +/- 0.062284 L(-3 - 3) 
lambdaTilde =  0.056206 +/- 0.091797 L(-3 - 3) 
