lambdaTheta = -0.0498913 +/- 0.15221 L(-3 - 3) 
lambdaPhi =  0.037335 +/- 0.028464 L(-3 - 3) 
lambdaThetaPhi =  0.045183 +/- 0.062352 L(-3 - 3) 
lambdaTilde =  0.064523 +/- 0.091695 L(-3 - 3) 
