lambdaTheta = -0.0823616 +/- 0.19563 L(-1.2 - 1.2) 
lambdaPhi = -0.0717699 +/- 0.047030 L(-1.2 - 1.2) 
lambdaThetaPhi =  0.014266 +/- 0.069047 L(-1.2 - 1.2) 
lambdaTilde = -0.277738 +/- 0.15038 L(-1.2 - 1.2) 
