lambdaTheta = -0.0732810 +/- 0.23056 L(-3 - 3) 
lambdaPhi =  0.052924 +/- 0.063859 L(-3 - 3) 
lambdaThetaPhi = -0.00972988 +/- 0.12167 L(-3 - 3) 
lambdaTilde =  0.090268 +/- 0.20746 L(-3 - 3) 
