lambdaTheta =  0.40471 +/- 0.17726 L(-1.2 - 1.2) 
lambdaPhi = -0.0592878 +/- 0.047518 L(-1.2 - 1.2) 
lambdaThetaPhi =  0.10483 +/- 0.11408 L(-1.2 - 1.2) 
lambdaTilde =  0.21415 +/- 0.13278 L(-1.2 - 1.2) 
