lambdaTheta = -0.125609 +/- 0.0060469 L(-1.2 - 1.2) 
lambdaPhi =  0.027986 +/- 0.0013897 L(-1.2 - 1.2) 
lambdaThetaPhi =  0.074715 +/- 0.0028397 L(-1.2 - 1.2) 
lambdaTilde = -0.0428496 +/- 0.0045793 L(-1.2 - 1.2) 
