lambdaTheta = -0.0785264 +/- 0.20021 L(-1.2 - 1.2) 
lambdaPhi =  0.038973 +/- 0.069990 L(-1.2 - 1.2) 
lambdaThetaPhi = -0.210799 +/- 0.10271 L(-1.2 - 1.2) 
lambdaTilde =  0.039949 +/- 0.22754 L(-1.2 - 1.2) 
