lambdaTheta = -0.0721612 +/- 0.23011 L(-3 - 3) 
lambdaPhi =  0.054047 +/- 0.063613 L(-3 - 3) 
lambdaThetaPhi = -0.0100061 +/- 0.12113 L(-3 - 3) 
lambdaTilde =  0.095122 +/- 0.20660 L(-3 - 3) 
