lambdaTheta =  0.014176 +/- 0.0076360 L(-1.2 - 1.2) 
lambdaPhi = -0.0508532 +/- 0.0021313 L(-1.2 - 1.2) 
lambdaThetaPhi = -0.0649641 +/- 0.0042416 L(-1.2 - 1.2) 
lambdaTilde = -0.131687 +/- 0.0066676 L(-1.2 - 1.2) 
