lambdaTheta =  0.76481 +/- 0.33581 L(-2 - 2) 
lambdaPhi = -0.126081 +/- 0.051808 L(-2 - 2) 
lambdaThetaPhi = -0.115543 +/- 0.095345 L(-2 - 2) 
lambdaTilde =  0.34328 +/- 0.13060 L(-2 - 2) 
