lambdaTheta =  0.44788 +/- 0.037528 L(-1.2 - 1.2) 
lambdaPhi = -0.0153921 +/- 0.014046 L(-1.2 - 1.2) 
lambdaThetaPhi =  0.030285 +/- 0.034322 L(-1.2 - 1.2) 
lambdaTilde =  0.39562 +/- 0.038591 L(-1.2 - 1.2) 
