lambdaTheta =  0.052995 +/- 0.17690 L(-2 - 2) 
lambdaPhi = -0.0272402 +/- 0.045657 L(-2 - 2) 
lambdaThetaPhi = -0.0440243 +/- 0.10333 L(-2 - 2) 
lambdaTilde = -0.0279642 +/- 0.14173 L(-2 - 2) 
