lambdaTheta =  0.047528 +/- 0.0066112 L(-1.2 - 1.2) 
lambdaPhi =  0.032814 +/- 0.0012415 L(-1.2 - 1.2) 
lambdaThetaPhi =  0.17417 +/- 0.0037247 L(-1.2 - 1.2) 
lambdaTilde =  0.15092 +/- 0.0038759 L(-1.2 - 1.2) 
