lambdaTheta = -0.157534 +/- 0.21170 L(-1.2 - 1.2) 
lambdaPhi = -0.0196083 +/- 0.061032 L(-1.2 - 1.2) 
lambdaThetaPhi = -0.0957603 +/- 0.085718 L(-1.2 - 1.2) 
lambdaTilde = -0.212198 +/- 0.20138 L(-1.2 - 1.2) 
