lambdaTheta =  0.061840 +/- 0.044152 L(-1.2 - 1.2) 
lambdaPhi = -0.0250645 +/- 0.017240 L(-1.2 - 1.2) 
lambdaThetaPhi = -0.105599 +/- 0.023000 L(-1.2 - 1.2) 
lambdaTilde = -0.0130266 +/- 0.053393 L(-1.2 - 1.2) 
