lambdaTheta = -0.0402347 +/- 0.15259 L(-1.2 - 1.2) 
lambdaPhi =  0.036290 +/- 0.028521 L(-1.2 - 1.2) 
lambdaThetaPhi =  0.048397 +/- 0.062514 L(-1.2 - 1.2) 
lambdaTilde =  0.071220 +/- 0.091590 L(-1.2 - 1.2) 
