lambdaTheta =  0.056658 +/- 0.22231 L(-3 - 3) 
lambdaPhi = -0.0190735 +/- 0.050655 L(-3 - 3) 
lambdaThetaPhi = -0.0205614 +/- 0.079178 L(-3 - 3) 
lambdaTilde = -0.000552401 +/- 0.15721 L(-3 - 3) 
