lambdaTheta = -0.129352 +/- 0.038712 L(-1.2 - 1.2) 
lambdaPhi =  0.13687 +/- 0.013560 L(-1.2 - 1.2) 
lambdaThetaPhi =  0.15327 +/- 0.027600 L(-1.2 - 1.2) 
lambdaTilde =  0.32588 +/- 0.044853 L(-1.2 - 1.2) 
