lambdaTheta =  1.4065 +/- 0.41183 L(-2 - 2) 
lambdaPhi = -0.0411246 +/- 0.049094 L(-2 - 2) 
lambdaThetaPhi = -0.0909804 +/- 0.092998 L(-2 - 2) 
lambdaTilde =  1.2325 +/- 0.095762 L(-2 - 2) 
