lambdaTheta = -0.180703 +/- 0.20261 L(-1.2 - 1.2) 
lambdaPhi =  0.064059 +/- 0.073649 L(-1.2 - 1.2) 
lambdaThetaPhi = -0.160568 +/- 0.11675 L(-1.2 - 1.2) 
lambdaTilde =  0.012259 +/- 0.24792 L(-1.2 - 1.2) 
