lambdaTheta = -0.0457061 +/- 0.15239 L(-3 - 3) 
lambdaPhi =  0.037650 +/- 0.028469 L(-3 - 3) 
lambdaThetaPhi =  0.044795 +/- 0.062423 L(-3 - 3) 
lambdaTilde =  0.069876 +/- 0.091592 L(-3 - 3) 
