lambdaTheta =  0.37778 +/- 0.17416 L(-3 - 3) 
lambdaPhi = -0.0333597 +/- 0.046130 L(-3 - 3) 
lambdaThetaPhi =  0.10629 +/- 0.11244 L(-3 - 3) 
lambdaTilde =  0.26874 +/- 0.12984 L(-3 - 3) 
