lambdaTheta =  0.045275 +/- 0.22163 L(-2 - 2) 
lambdaPhi = -0.0260976 +/- 0.050749 L(-2 - 2) 
lambdaThetaPhi = -0.0257304 +/- 0.079150 L(-2 - 2) 
lambdaTilde = -0.0321779 +/- 0.15791 L(-2 - 2) 
