lambdaTheta =  0.12193 +/- 0.0067631 L(-3 - 3) 
lambdaPhi =  0.034020 +/- 0.0012448 L(-3 - 3) 
lambdaThetaPhi =  0.15411 +/- 0.0038088 L(-3 - 3) 
lambdaTilde =  0.23188 +/- 0.0037929 L(-3 - 3) 
