lambdaTheta = -0.329111 +/- 0.21531 L(-1.2 - 1.2) 
lambdaPhi =  0.015430 +/- 0.032309 L(-1.2 - 1.2) 
lambdaThetaPhi =  0.15154 +/- 0.082043 L(-1.2 - 1.2) 
lambdaTilde = -0.287252 +/- 0.11275 L(-1.2 - 1.2) 
