lambdaTheta =  1.3196 +/- 0.015082 L(-3 - 3) 
lambdaPhi = -0.0781150 +/- 0.0017028 L(-3 - 3) 
lambdaThetaPhi = -0.125688 +/- 0.0041838 L(-3 - 3) 
lambdaTilde =  1.0067 +/- 0.0035223 L(-3 - 3) 
