lambdaTheta =  0.048510 +/- 0.0063902 L(-1.2 - 1.2) 
lambdaPhi =  0.029132 +/- 0.0014015 L(-1.2 - 1.2) 
lambdaThetaPhi =  0.071338 +/- 0.0030190 L(-1.2 - 1.2) 
lambdaTilde =  0.13998 +/- 0.0043736 L(-1.2 - 1.2) 
