lambdaTheta =  0.046353 +/- 0.22175 L(-2 - 2) 
lambdaPhi = -0.0261793 +/- 0.050757 L(-2 - 2) 
lambdaThetaPhi = -0.0258803 +/- 0.079165 L(-2 - 2) 
lambdaTilde = -0.0313641 +/- 0.15789 L(-2 - 2) 
