lambdaTheta =  1.3050 +/- 0.38866 L(-2 - 2) 
lambdaPhi = -0.0306079 +/- 0.049935 L(-2 - 2) 
lambdaThetaPhi = -0.135347 +/- 0.096419 L(-2 - 2) 
lambdaTilde =  1.1772 +/- 0.10074 L(-2 - 2) 
