lambdaTheta =  0.047776 +/- 0.22187 L(-2 - 2) 
lambdaPhi = -0.0262972 +/- 0.050766 L(-2 - 2) 
lambdaThetaPhi = -0.0258336 +/- 0.079188 L(-2 - 2) 
lambdaTilde = -0.0303184 +/- 0.15785 L(-2 - 2) 
