lambdaTheta = -0.292555 +/- 0.17950 L(-1.2 - 1.2) 
lambdaPhi =  0.060621 +/- 0.026638 L(-1.2 - 1.2) 
lambdaThetaPhi =  0.15593 +/- 0.067874 L(-1.2 - 1.2) 
lambdaTilde = -0.117834 +/- 0.092849 L(-1.2 - 1.2) 
