lambdaTheta = -0.540214 +/- 0.22599 L(-1.2 - 1.2) 
lambdaPhi =  0.032066 +/- 0.059431 L(-1.2 - 1.2) 
lambdaThetaPhi = -0.352208 +/- 0.11118 L(-1.2 - 1.2) 
lambdaTilde = -0.458727 +/- 0.22106 L(-1.2 - 1.2) 
