lambdaTheta =  1.2892 +/- 0.014989 L(-3 - 3) 
lambdaPhi = -0.0779302 +/- 0.0017011 L(-3 - 3) 
lambdaThetaPhi = -0.125284 +/- 0.0041724 L(-3 - 3) 
lambdaTilde =  0.97907 +/- 0.0035583 L(-3 - 3) 
