lambdaTheta = -0.0734504 +/- 0.23025 L(-2 - 2) 
lambdaPhi =  0.053068 +/- 0.063847 L(-2 - 2) 
lambdaThetaPhi = -0.00974307 +/- 0.12163 L(-2 - 2) 
lambdaTilde =  0.090559 +/- 0.20743 L(-2 - 2) 
