lambdaTheta = -0.0464380 +/- 0.15246 L(-2 - 2) 
lambdaPhi =  0.037574 +/- 0.028503 L(-2 - 2) 
lambdaThetaPhi =  0.044858 +/- 0.062482 L(-2 - 2) 
lambdaTilde =  0.068871 +/- 0.091722 L(-2 - 2) 
