lambdaTheta =  0.12843 +/- 0.0067669 L(-3 - 3) 
lambdaPhi =  0.035954 +/- 0.0012442 L(-3 - 3) 
lambdaThetaPhi =  0.15369 +/- 0.0038132 L(-3 - 3) 
lambdaTilde =  0.24510 +/- 0.0037825 L(-3 - 3) 
