lambdaTheta =  1.2909 +/- 0.014991 L(-3 - 3) 
lambdaPhi = -0.0780819 +/- 0.0017012 L(-3 - 3) 
lambdaThetaPhi = -0.125112 +/- 0.0041731 L(-3 - 3) 
lambdaTilde =  0.98014 +/- 0.0035565 L(-3 - 3) 
