lambdaTheta =  0.73298 +/- 0.33353 L(-1.2 - 1.2) 
lambdaPhi = -0.131311 +/- 0.051784 L(-1.2 - 1.2) 
lambdaThetaPhi = -0.128589 +/- 0.094713 L(-1.2 - 1.2) 
lambdaTilde =  0.29970 +/- 0.13181 L(-1.2 - 1.2) 
