lambdaTheta =  0.75772 +/- 0.33522 L(-1.2 - 1.2) 
lambdaPhi = -0.126511 +/- 0.051795 L(-1.2 - 1.2) 
lambdaThetaPhi = -0.115583 +/- 0.095249 L(-1.2 - 1.2) 
lambdaTilde =  0.33571 +/- 0.13084 L(-1.2 - 1.2) 
