lambdaTheta =  1.2945 +/- 0.38787 L(-2 - 2) 
lambdaPhi = -0.0307167 +/- 0.049913 L(-2 - 2) 
lambdaThetaPhi = -0.135269 +/- 0.096304 L(-2 - 2) 
lambdaTilde =  1.1665 +/- 0.10113 L(-2 - 2) 
