lambdaTheta =  0.045277 +/- 0.22189 L(-2 - 2) 
lambdaPhi = -0.0260977 +/- 0.050752 L(-2 - 2) 
lambdaThetaPhi = -0.0257308 +/- 0.079162 L(-2 - 2) 
lambdaTilde = -0.0321769 +/- 0.15792 L(-2 - 2) 
