lambdaTheta =  1.2000 +/- 0.38890 L(-1.2 - 1.2) 
lambdaPhi = -0.0305845 +/- 0.049935 L(-1.2 - 1.2) 
lambdaThetaPhi = -0.135310 +/- 0.096416 L(-1.2 - 1.2) 
lambdaTilde =  1.1776 +/- 0.10072 L(-1.2 - 1.2) 
