lambdaTheta =  0.11643 +/- 0.0067526 L(-3 - 3) 
lambdaPhi =  0.034459 +/- 0.0012443 L(-3 - 3) 
lambdaThetaPhi =  0.15353 +/- 0.0038044 L(-3 - 3) 
lambdaTilde =  0.22765 +/- 0.0037980 L(-3 - 3) 
