lambdaTheta =  0.28637 +/- 0.46320 L(-1.2 - 1.2) 
lambdaPhi = -0.132539 +/- 0.10771 L(-1.2 - 1.2) 
lambdaThetaPhi = -0.0274540 +/- 0.21118 L(-1.2 - 1.2) 
lambdaTilde = -0.0982265 +/- 0.30962 L(-1.2 - 1.2) 
