lambdaTheta =  0.33485 +/- 0.18659 L(-3 - 3) 
lambdaPhi =  0.047035 +/- 0.026019 L(-3 - 3) 
lambdaThetaPhi =  0.10688 +/- 0.061319 L(-3 - 3) 
lambdaTilde =  0.49945 +/- 0.073531 L(-3 - 3) 
