lambdaTheta =  0.023126 +/- 0.41193 L(-1.2 - 1.2) 
lambdaPhi = -0.0590521 +/- 0.042585 L(-1.2 - 1.2) 
lambdaThetaPhi = -0.0987886 +/- 0.094477 L(-1.2 - 1.2) 
lambdaTilde = -0.145442 +/- 0.13272 L(-1.2 - 1.2) 
