lambdaTheta = -0.0718118 +/- 0.23049 L(-1.2 - 1.2) 
lambdaPhi =  0.051902 +/- 0.063893 L(-1.2 - 1.2) 
lambdaThetaPhi = -0.00964096 +/- 0.12169 L(-1.2 - 1.2) 
lambdaTilde =  0.088486 +/- 0.20746 L(-1.2 - 1.2) 
