lambdaTheta =  0.046431 +/- 0.22176 L(-2 - 2) 
lambdaPhi = -0.0263030 +/- 0.050759 L(-2 - 2) 
lambdaThetaPhi = -0.0256788 +/- 0.079165 L(-2 - 2) 
lambdaTilde = -0.0316458 +/- 0.15789 L(-2 - 2) 
