lambdaTheta = -0.0824630 +/- 0.27592 L(-1.2 - 1.2) 
lambdaPhi = -0.0715587 +/- 0.066440 L(-1.2 - 1.2) 
lambdaThetaPhi =  0.014367 +/- 0.097476 L(-1.2 - 1.2) 
lambdaTilde = -0.277296 +/- 0.21245 L(-1.2 - 1.2) 
