lambdaTheta = -0.0335494 +/- 0.15299 L(-3 - 3) 
lambdaPhi =  0.038830 +/- 0.028481 L(-3 - 3) 
lambdaThetaPhi =  0.044680 +/- 0.062616 L(-3 - 3) 
lambdaTilde =  0.086292 +/- 0.091282 L(-3 - 3) 
