lambdaTheta =  1.2000 +/- 0.38874 L(-1.2 - 1.2) 
lambdaPhi = -0.0304074 +/- 0.049930 L(-1.2 - 1.2) 
lambdaThetaPhi = -0.135495 +/- 0.096410 L(-1.2 - 1.2) 
lambdaTilde =  1.1773 +/- 0.10074 L(-1.2 - 1.2) 
