lambdaTheta =  1.3018 +/- 0.015024 L(-3 - 3) 
lambdaPhi = -0.0779458 +/- 0.0017017 L(-3 - 3) 
lambdaThetaPhi = -0.125153 +/- 0.0041777 L(-3 - 3) 
lambdaTilde =  0.99076 +/- 0.0035430 L(-3 - 3) 
