lambdaTheta =  0.34400 +/- 0.0083604 L(-1.2 - 1.2) 
lambdaPhi = -0.103161 +/- 0.0029684 L(-1.2 - 1.2) 
lambdaThetaPhi =  0.12247 +/- 0.0072716 L(-1.2 - 1.2) 
lambdaTilde =  0.031287 +/- 0.0084292 L(-1.2 - 1.2) 
