lambdaTheta =  0.40533 +/- 0.17731 L(-1.2 - 1.2) 
lambdaPhi = -0.0597808 +/- 0.047527 L(-1.2 - 1.2) 
lambdaThetaPhi =  0.10508 +/- 0.11409 L(-1.2 - 1.2) 
lambdaTilde =  0.21324 +/- 0.13278 L(-1.2 - 1.2) 
