lambdaTheta = -0.101781 +/- 0.22091 L(-3 - 3) 
lambdaPhi =  0.078407 +/- 0.060672 L(-3 - 3) 
lambdaThetaPhi = -0.0117578 +/- 0.11715 L(-3 - 3) 
lambdaTilde =  0.14479 +/- 0.19917 L(-3 - 3) 
