lambdaTheta = -0.0714461 +/- 0.23022 L(-3 - 3) 
lambdaPhi =  0.053033 +/- 0.063644 L(-3 - 3) 
lambdaThetaPhi = -0.00996392 +/- 0.12110 L(-3 - 3) 
lambdaTilde =  0.092561 +/- 0.20664 L(-3 - 3) 
