lambdaTheta =  0.39451 +/- 0.17336 L(-3 - 3) 
lambdaPhi = -0.0441132 +/- 0.046099 L(-3 - 3) 
lambdaThetaPhi =  0.12981 +/- 0.11177 L(-3 - 3) 
lambdaTilde =  0.25109 +/- 0.12915 L(-3 - 3) 
