lambdaTheta =  0.33687 +/- 0.18721 L(-1.2 - 1.2) 
lambdaPhi =  0.042861 +/- 0.026099 L(-1.2 - 1.2) 
lambdaThetaPhi =  0.10844 +/- 0.061365 L(-1.2 - 1.2) 
lambdaTilde =  0.48630 +/- 0.073769 L(-1.2 - 1.2) 
