lambdaTheta =  0.75752 +/- 0.33521 L(-2 - 2) 
lambdaPhi = -0.126359 +/- 0.051792 L(-2 - 2) 
lambdaThetaPhi = -0.115457 +/- 0.095250 L(-2 - 2) 
lambdaTilde =  0.33599 +/- 0.13084 L(-2 - 2) 
