lambdaTheta =  0.33441 +/- 0.18663 L(-2 - 2) 
lambdaPhi =  0.047035 +/- 0.026050 L(-2 - 2) 
lambdaThetaPhi =  0.10704 +/- 0.061457 L(-2 - 2) 
lambdaTilde =  0.49899 +/- 0.073631 L(-2 - 2) 
