lambdaTheta = -0.123538 +/- 0.21331 L(-1.2 - 1.2) 
lambdaPhi =  0.10746 +/- 0.061053 L(-1.2 - 1.2) 
lambdaThetaPhi = -0.0517158 +/- 0.11841 L(-1.2 - 1.2) 
lambdaTilde =  0.22280 +/- 0.20191 L(-1.2 - 1.2) 
