lambdaTheta =  0.32531 +/- 0.18624 L(-3 - 3) 
lambdaPhi =  0.046768 +/- 0.026009 L(-3 - 3) 
lambdaThetaPhi =  0.10598 +/- 0.061229 L(-3 - 3) 
lambdaTilde =  0.48846 +/- 0.073759 L(-3 - 3) 
