lambdaTheta =  0.049089 +/- 0.17691 L(-3 - 3) 
lambdaPhi = -0.0313476 +/- 0.045673 L(-3 - 3) 
lambdaThetaPhi = -0.0440660 +/- 0.10299 L(-3 - 3) 
lambdaTilde = -0.0435878 +/- 0.14187 L(-3 - 3) 
