lambdaTheta = -0.116281 +/- 0.0060746 L(-1.2 - 1.2) 
lambdaPhi =  0.023221 +/- 0.0013944 L(-1.2 - 1.2) 
lambdaThetaPhi =  0.080446 +/- 0.0028474 L(-1.2 - 1.2) 
lambdaTilde = -0.0477259 +/- 0.0045791 L(-1.2 - 1.2) 
