lambdaTheta =  0.38752 +/- 0.19203 L(-1.2 - 1.2) 
lambdaPhi = -0.141733 +/- 0.049278 L(-1.2 - 1.2) 
lambdaThetaPhi =  0.066614 +/- 0.10536 L(-1.2 - 1.2) 
lambdaTilde = -0.0329989 +/- 0.13784 L(-1.2 - 1.2) 
