lambdaTheta =  0.048109 +/- 0.17661 L(-1.2 - 1.2) 
lambdaPhi = -0.0275991 +/- 0.045646 L(-1.2 - 1.2) 
lambdaThetaPhi = -0.0441366 +/- 0.10319 L(-1.2 - 1.2) 
lambdaTilde = -0.0337566 +/- 0.14189 L(-1.2 - 1.2) 
