lambdaTheta =  0.33003 +/- 0.18645 L(-2 - 2) 
lambdaPhi =  0.046915 +/- 0.026014 L(-2 - 2) 
lambdaThetaPhi =  0.10643 +/- 0.061274 L(-2 - 2) 
lambdaTilde =  0.49395 +/- 0.073646 L(-2 - 2) 
