lambdaTheta =  0.069114 +/- 0.22385 L(-1.2 - 1.2) 
lambdaPhi = -0.0248678 +/- 0.050848 L(-1.2 - 1.2) 
lambdaThetaPhi = -0.0230005 +/- 0.079538 L(-1.2 - 1.2) 
lambdaTilde = -0.00535607 +/- 0.15715 L(-1.2 - 1.2) 
