lambdaTheta =  0.38709 +/- 0.17339 L(-3 - 3) 
lambdaPhi = -0.0331981 +/- 0.045868 L(-3 - 3) 
lambdaThetaPhi =  0.10227 +/- 0.11180 L(-3 - 3) 
lambdaTilde =  0.27826 +/- 0.12873 L(-3 - 3) 
