lambdaTheta =  0.27664 +/- 0.20801 L(-1.2 - 1.2) 
lambdaPhi =  0.035615 +/- 0.057651 L(-1.2 - 1.2) 
lambdaThetaPhi =  0.046341 +/- 0.13646 L(-1.2 - 1.2) 
lambdaTilde =  0.39765 +/- 0.16666 L(-1.2 - 1.2) 
