lambdaTheta =  0.63505 +/- 0.013276 L(-1.2 - 1.2) 
lambdaPhi = -0.139605 +/- 0.0020945 L(-1.2 - 1.2) 
lambdaThetaPhi = -0.135204 +/- 0.0041824 L(-1.2 - 1.2) 
lambdaTilde =  0.18974 +/- 0.0054822 L(-1.2 - 1.2) 
