lambdaTheta = -0.525407 +/- 0.16730 L(-1.2 - 1.2) 
lambdaPhi = -0.0656513 +/- 0.039233 L(-1.2 - 1.2) 
lambdaThetaPhi = -0.207743 +/- 0.067753 L(-1.2 - 1.2) 
lambdaTilde = -0.677859 +/- 0.14032 L(-1.2 - 1.2) 
