lambdaTheta = -0.418849 +/- 0.15106 L(-1.2 - 1.2) 
lambdaPhi = -0.0922898 +/- 0.035651 L(-1.2 - 1.2) 
lambdaThetaPhi = -0.0147752 +/- 0.067052 L(-1.2 - 1.2) 
lambdaTilde = -0.636936 +/- 0.12311 L(-1.2 - 1.2) 
