lambdaTheta = -0.0728783 +/- 0.23036 L(-1.2 - 1.2) 
lambdaPhi =  0.052385 +/- 0.063872 L(-1.2 - 1.2) 
lambdaThetaPhi = -0.00968684 +/- 0.12165 L(-1.2 - 1.2) 
lambdaTilde =  0.088937 +/- 0.20747 L(-1.2 - 1.2) 
