lambdaTheta =  0.34778 +/- 0.28367 L(-1.2 - 1.2) 
lambdaPhi = -0.0437267 +/- 0.053921 L(-1.2 - 1.2) 
lambdaThetaPhi = -0.0907898 +/- 0.085694 L(-1.2 - 1.2) 
lambdaTilde =  0.20753 +/- 0.15323 L(-1.2 - 1.2) 
