lambdaTheta = -0.0723831 +/- 0.23037 L(-2 - 2) 
lambdaPhi =  0.052583 +/- 0.063869 L(-2 - 2) 
lambdaThetaPhi = -0.00969503 +/- 0.12165 L(-2 - 2) 
lambdaTilde =  0.090105 +/- 0.20743 L(-2 - 2) 
