lambdaTheta =  0.32961 +/- 0.18637 L(-1.2 - 1.2) 
lambdaPhi =  0.046907 +/- 0.026045 L(-1.2 - 1.2) 
lambdaThetaPhi =  0.10659 +/- 0.061413 L(-1.2 - 1.2) 
lambdaTilde =  0.49347 +/- 0.073745 L(-1.2 - 1.2) 
