lambdaTheta =  0.094457 +/- 0.21983 L(-1.2 - 1.2) 
lambdaPhi = -0.0223753 +/- 0.048194 L(-1.2 - 1.2) 
lambdaThetaPhi =  0.0075304 +/- 0.079506 L(-1.2 - 1.2) 
lambdaTilde =  0.026733 +/- 0.14787 L(-1.2 - 1.2) 
