lambdaTheta =  1.2793 +/- 0.014958 L(-3 - 3) 
lambdaPhi = -0.0783241 +/- 0.0017007 L(-3 - 3) 
lambdaThetaPhi = -0.125043 +/- 0.0041684 L(-3 - 3) 
lambdaTilde =  0.96848 +/- 0.0035712 L(-3 - 3) 
