lambdaTheta =  0.046431 +/- 0.22176 L(-1.2 - 1.2) 
lambdaPhi = -0.0263030 +/- 0.050759 L(-1.2 - 1.2) 
lambdaThetaPhi = -0.0256788 +/- 0.079165 L(-1.2 - 1.2) 
lambdaTilde = -0.0316458 +/- 0.15789 L(-1.2 - 1.2) 
