lambdaTheta =  0.051558 +/- 0.17699 L(-3 - 3) 
lambdaPhi = -0.0273183 +/- 0.045656 L(-3 - 3) 
lambdaThetaPhi = -0.0440646 +/- 0.10334 L(-3 - 3) 
lambdaTilde = -0.0295884 +/- 0.14179 L(-3 - 3) 
