lambdaTheta =  1.2000 +/- 0.016136 L(-1.2 - 1.2) 
lambdaPhi = -0.0730693 +/- 0.0017264 L(-1.2 - 1.2) 
lambdaThetaPhi = -0.118320 +/- 0.0043751 L(-1.2 - 1.2) 
lambdaTilde =  1.2000 +/- 0.0032397 L(-1.2 - 1.2) 
