lambdaTheta =  0.40061 +/- 0.17673 L(-3 - 3) 
lambdaPhi = -0.0558965 +/- 0.047361 L(-3 - 3) 
lambdaThetaPhi =  0.10427 +/- 0.11389 L(-3 - 3) 
lambdaTilde =  0.22059 +/- 0.13249 L(-3 - 3) 
