lambdaTheta =  1.2000 +/- 0.38844 L(-1.2 - 1.2) 
lambdaPhi = -0.0307965 +/- 0.049940 L(-1.2 - 1.2) 
lambdaThetaPhi = -0.135167 +/- 0.096426 L(-1.2 - 1.2) 
lambdaTilde =  1.1773 +/- 0.10072 L(-1.2 - 1.2) 
