lambdaTheta =  1.2904 +/- 0.014978 L(-3 - 3) 
lambdaPhi = -0.0781705 +/- 0.0017012 L(-3 - 3) 
lambdaThetaPhi = -0.125108 +/- 0.0041733 L(-3 - 3) 
lambdaTilde =  0.97934 +/- 0.0035574 L(-3 - 3) 
