lambdaTheta =  0.24189 +/- 0.0069389 L(-1.2 - 1.2) 
lambdaPhi =  0.053189 +/- 0.0012412 L(-1.2 - 1.2) 
lambdaThetaPhi =  0.15041 +/- 0.0039309 L(-1.2 - 1.2) 
lambdaTilde =  0.42401 +/- 0.0036224 L(-1.2 - 1.2) 
