lambdaTheta = -0.0458650 +/- 0.15255 L(-2 - 2) 
lambdaPhi =  0.037611 +/- 0.028504 L(-2 - 2) 
lambdaThetaPhi =  0.044908 +/- 0.062496 L(-2 - 2) 
lambdaTilde =  0.069584 +/- 0.091708 L(-2 - 2) 
