lambdaTheta = -0.0247624 +/- 0.15264 L(-3 - 3) 
lambdaPhi =  0.037953 +/- 0.028465 L(-3 - 3) 
lambdaThetaPhi =  0.044709 +/- 0.062416 L(-3 - 3) 
lambdaTilde =  0.092612 +/- 0.090970 L(-3 - 3) 
