lambdaTheta = -0.198145 +/- 0.21168 L(-1.2 - 1.2) 
lambdaPhi = -0.178907 +/- 0.051941 L(-1.2 - 1.2) 
lambdaThetaPhi = -0.180926 +/- 0.080140 L(-1.2 - 1.2) 
lambdaTilde = -0.623344 +/- 0.16561 L(-1.2 - 1.2) 
