lambdaTheta =  0.14077 +/- 0.15960 L(-1.2 - 1.2) 
lambdaPhi = -0.0130967 +/- 0.032970 L(-1.2 - 1.2) 
lambdaThetaPhi =  0.023937 +/- 0.071398 L(-1.2 - 1.2) 
lambdaTilde =  0.10017 +/- 0.099826 L(-1.2 - 1.2) 
