lambdaTheta = -0.0104984 +/- 0.15475 L(-3 - 3) 
lambdaPhi =  0.032290 +/- 0.028880 L(-3 - 3) 
lambdaThetaPhi =  0.047230 +/- 0.063201 L(-3 - 3) 
lambdaTilde =  0.089252 +/- 0.091851 L(-3 - 3) 
