lambdaTheta =  0.32222 +/- 0.18616 L(-3 - 3) 
lambdaPhi =  0.044882 +/- 0.026021 L(-3 - 3) 
lambdaThetaPhi =  0.10627 +/- 0.061132 L(-3 - 3) 
lambdaTilde =  0.47834 +/- 0.073905 L(-3 - 3) 
