lambdaTheta =  0.11730 +/- 0.0067538 L(-3 - 3) 
lambdaPhi =  0.034090 +/- 0.0012445 L(-3 - 3) 
lambdaThetaPhi =  0.15386 +/- 0.0038051 L(-3 - 3) 
lambdaTilde =  0.22732 +/- 0.0037977 L(-3 - 3) 
