lambdaTheta = -0.0418840 +/- 0.15261 L(-1.2 - 1.2) 
lambdaPhi =  0.038166 +/- 0.028506 L(-1.2 - 1.2) 
lambdaThetaPhi =  0.044871 +/- 0.062567 L(-1.2 - 1.2) 
lambdaTilde =  0.075497 +/- 0.091600 L(-1.2 - 1.2) 
