lambdaTheta =  0.26939 +/- 0.18006 L(-1.2 - 1.2) 
lambdaPhi =  0.0026621 +/- 0.027635 L(-1.2 - 1.2) 
lambdaThetaPhi =  0.16362 +/- 0.069349 L(-1.2 - 1.2) 
lambdaTilde =  0.27812 +/- 0.080349 L(-1.2 - 1.2) 
