lambdaTheta =  0.090289 +/- 0.22791 L(-1.2 - 1.2) 
lambdaPhi = -0.0174503 +/- 0.052249 L(-1.2 - 1.2) 
lambdaThetaPhi = -0.00170510 +/- 0.082426 L(-1.2 - 1.2) 
lambdaTilde =  0.037287 +/- 0.16058 L(-1.2 - 1.2) 
