lambdaTheta =  0.40324 +/- 0.17760 L(-3 - 3) 
lambdaPhi = -0.0659514 +/- 0.047549 L(-3 - 3) 
lambdaThetaPhi =  0.10350 +/- 0.11328 L(-3 - 3) 
lambdaTilde =  0.19268 +/- 0.13293 L(-3 - 3) 
