lambdaTheta =  0.084347 +/- 0.41491 L(-1.2 - 1.2) 
lambdaPhi =  0.068883 +/- 0.065757 L(-1.2 - 1.2) 
lambdaThetaPhi = -0.209717 +/- 0.13544 L(-1.2 - 1.2) 
lambdaTilde =  0.31252 +/- 0.20251 L(-1.2 - 1.2) 
