lambdaTheta =  0.051619 +/- 0.17697 L(-2 - 2) 
lambdaPhi = -0.0273188 +/- 0.045656 L(-2 - 2) 
lambdaThetaPhi = -0.0441135 +/- 0.10334 L(-2 - 2) 
lambdaTilde = -0.0295306 +/- 0.14178 L(-2 - 2) 
