lambdaTheta =  0.088999 +/- 0.010030 L(-1.2 - 1.2) 
lambdaPhi = -0.0330091 +/- 0.0026841 L(-1.2 - 1.2) 
lambdaThetaPhi = -0.0373922 +/- 0.0055284 L(-1.2 - 1.2) 
lambdaTilde = -0.00970737 +/- 0.0082405 L(-1.2 - 1.2) 
