lambdaTheta = -0.0717235 +/- 0.23021 L(-2 - 2) 
lambdaPhi =  0.053494 +/- 0.063633 L(-2 - 2) 
lambdaThetaPhi = -0.00996354 +/- 0.12110 L(-2 - 2) 
lambdaTilde =  0.093775 +/- 0.20663 L(-2 - 2) 
