lambdaTheta =  0.052191 +/- 0.22198 L(-3 - 3) 
lambdaPhi = -0.0211154 +/- 0.050613 L(-3 - 3) 
lambdaThetaPhi = -0.0259467 +/- 0.079306 L(-3 - 3) 
lambdaTilde = -0.0109247 +/- 0.15726 L(-3 - 3) 
