lambdaTheta =  0.0054470 +/- 0.0076009 L(-1.2 - 1.2) 
lambdaPhi = -0.0447892 +/- 0.0021234 L(-1.2 - 1.2) 
lambdaThetaPhi = -0.0614602 +/- 0.0042334 L(-1.2 - 1.2) 
lambdaTilde = -0.123394 +/- 0.0066653 L(-1.2 - 1.2) 
