lambdaTheta =  0.12106 +/- 0.0067619 L(-3 - 3) 
lambdaPhi =  0.034394 +/- 0.0012446 L(-3 - 3) 
lambdaThetaPhi =  0.15378 +/- 0.0038080 L(-3 - 3) 
lambdaTilde =  0.23223 +/- 0.0037932 L(-3 - 3) 
