lambdaTheta =  0.16554 +/- 0.18454 L(-3 - 3) 
lambdaPhi =  0.024433 +/- 0.026194 L(-3 - 3) 
lambdaThetaPhi =  0.10826 +/- 0.061499 L(-3 - 3) 
lambdaTilde =  0.24482 +/- 0.078700 L(-3 - 3) 
