lambdaTheta = -0.0424016 +/- 0.15261 L(-2 - 2) 
lambdaPhi =  0.037829 +/- 0.028509 L(-2 - 2) 
lambdaThetaPhi =  0.044495 +/- 0.062553 L(-2 - 2) 
lambdaTilde =  0.073881 +/- 0.091624 L(-2 - 2) 
