lambdaTheta = -0.197961 +/- 0.29859 L(-1.2 - 1.2) 
lambdaPhi = -0.178603 +/- 0.073414 L(-1.2 - 1.2) 
lambdaThetaPhi = -0.180551 +/- 0.11326 L(-1.2 - 1.2) 
lambdaTilde = -0.622575 +/- 0.23408 L(-1.2 - 1.2) 
