lambdaTheta =  0.050422 +/- 0.22213 L(-3 - 3) 
lambdaPhi = -0.0265962 +/- 0.050723 L(-3 - 3) 
lambdaThetaPhi = -0.0260604 +/- 0.079045 L(-3 - 3) 
lambdaTilde = -0.0286055 +/- 0.15759 L(-3 - 3) 
