lambdaTheta =  0.11498 +/- 0.010180 L(-1.2 - 1.2) 
lambdaPhi = -0.0286655 +/- 0.0026916 L(-1.2 - 1.2) 
lambdaThetaPhi = -0.0366204 +/- 0.0055665 L(-1.2 - 1.2) 
lambdaTilde =  0.028179 +/- 0.0082046 L(-1.2 - 1.2) 
