lambdaTheta =  0.40471 +/- 0.17726 L(-2 - 2) 
lambdaPhi = -0.0592878 +/- 0.047518 L(-2 - 2) 
lambdaThetaPhi =  0.10483 +/- 0.11408 L(-2 - 2) 
lambdaTilde =  0.21415 +/- 0.13278 L(-2 - 2) 
