lambdaTheta =  0.84987 +/- 0.34510 L(-1.2 - 1.2) 
lambdaPhi = -0.144609 +/- 0.054414 L(-1.2 - 1.2) 
lambdaThetaPhi = -0.127944 +/- 0.097700 L(-1.2 - 1.2) 
lambdaTilde =  0.36348 +/- 0.13405 L(-1.2 - 1.2) 
