lambdaTheta =  0.33036 +/- 0.18640 L(-3 - 3) 
lambdaPhi =  0.046982 +/- 0.026014 L(-3 - 3) 
lambdaThetaPhi =  0.10645 +/- 0.061279 L(-3 - 3) 
lambdaTilde =  0.49454 +/- 0.073635 L(-3 - 3) 
