lambdaTheta =  1.2891 +/- 0.014983 L(-3 - 3) 
lambdaPhi = -0.0777841 +/- 0.0017009 L(-3 - 3) 
lambdaThetaPhi = -0.125073 +/- 0.0041728 L(-3 - 3) 
lambdaTilde =  0.97952 +/- 0.0035579 L(-3 - 3) 
