lambdaTheta =  1.3205 +/- 0.015085 L(-3 - 3) 
lambdaPhi = -0.0784310 +/- 0.0017030 L(-3 - 3) 
lambdaThetaPhi = -0.125915 +/- 0.0041839 L(-3 - 3) 
lambdaTilde =  1.0063 +/- 0.0035222 L(-3 - 3) 
