lambdaTheta =  0.042832 +/- 0.22146 L(-2 - 2) 
lambdaPhi = -0.0259027 +/- 0.050733 L(-2 - 2) 
lambdaThetaPhi = -0.0256365 +/- 0.079112 L(-2 - 2) 
lambdaTilde = -0.0339952 +/- 0.15798 L(-2 - 2) 
