lambdaTheta = -1.20000 +/- 2.6888 L(-1.2 - 1.2) 
lambdaPhi = -0.107846 +/- 2.9460 L(-1.2 - 1.2) 
lambdaThetaPhi = -0.120196 +/- 2.9399 L(-1.2 - 1.2) 
lambdaTilde = -1.20000 +/- 13.694 L(-1.2 - 1.2) 
