lambdaTheta =  0.40629 +/- 0.17676 L(-3 - 3) 
lambdaPhi = -0.0525811 +/- 0.047312 L(-3 - 3) 
lambdaThetaPhi =  0.10603 +/- 0.11447 L(-3 - 3) 
lambdaTilde =  0.23613 +/- 0.13211 L(-3 - 3) 
