lambdaTheta =  0.051691 +/- 0.17687 L(-2 - 2) 
lambdaPhi = -0.0273383 +/- 0.045656 L(-2 - 2) 
lambdaThetaPhi = -0.0441889 +/- 0.10331 L(-2 - 2) 
lambdaTilde = -0.0295172 +/- 0.14178 L(-2 - 2) 
