lambdaTheta = -0.259931 +/- 0.010223 L(-1.2 - 1.2) 
lambdaPhi = -0.0407311 +/- 0.0052082 L(-1.2 - 1.2) 
lambdaThetaPhi =  0.0029853 +/- 0.010559 L(-1.2 - 1.2) 
lambdaTilde = -0.367169 +/- 0.017578 L(-1.2 - 1.2) 
