lambdaTheta =  0.40571 +/- 0.17739 L(-1.2 - 1.2) 
lambdaPhi = -0.0602171 +/- 0.047538 L(-1.2 - 1.2) 
lambdaThetaPhi =  0.10473 +/- 0.11408 L(-1.2 - 1.2) 
lambdaTilde =  0.21228 +/- 0.13279 L(-1.2 - 1.2) 
