lambdaTheta =  0.045582 +/- 0.22168 L(-1.2 - 1.2) 
lambdaPhi = -0.0260129 +/- 0.050750 L(-1.2 - 1.2) 
lambdaThetaPhi = -0.0257419 +/- 0.079157 L(-1.2 - 1.2) 
lambdaTilde = -0.0316338 +/- 0.15790 L(-1.2 - 1.2) 
