lambdaTheta =  0.045004 +/- 0.22164 L(-1.2 - 1.2) 
lambdaPhi = -0.0261851 +/- 0.050750 L(-1.2 - 1.2) 
lambdaThetaPhi = -0.0257271 +/- 0.079143 L(-1.2 - 1.2) 
lambdaTilde = -0.0326954 +/- 0.15793 L(-1.2 - 1.2) 
