lambdaTheta =  0.40470 +/- 0.17740 L(-3 - 3) 
lambdaPhi = -0.0592718 +/- 0.047519 L(-3 - 3) 
lambdaThetaPhi =  0.10483 +/- 0.11411 L(-3 - 3) 
lambdaTilde =  0.21419 +/- 0.13278 L(-3 - 3) 
