lambdaTheta =  0.40369 +/- 0.17712 L(-2 - 2) 
lambdaPhi = -0.0583308 +/- 0.047496 L(-2 - 2) 
lambdaThetaPhi =  0.10493 +/- 0.11408 L(-2 - 2) 
lambdaTilde =  0.21609 +/- 0.13275 L(-2 - 2) 
