lambdaTheta =  0.28635 +/- 0.46329 L(-1.2 - 1.2) 
lambdaPhi = -0.132562 +/- 0.10771 L(-1.2 - 1.2) 
lambdaThetaPhi = -0.0274638 +/- 0.21118 L(-1.2 - 1.2) 
lambdaTilde = -0.0983051 +/- 0.30964 L(-1.2 - 1.2) 
