lambdaTheta =  0.11573 +/- 0.010196 L(-1.2 - 1.2) 
lambdaPhi = -0.0311434 +/- 0.0026952 L(-1.2 - 1.2) 
lambdaThetaPhi = -0.0347015 +/- 0.0055614 L(-1.2 - 1.2) 
lambdaTilde =  0.021626 +/- 0.0082119 L(-1.2 - 1.2) 
