lambdaTheta = -0.0857465 +/- 0.22843 L(-1.2 - 1.2) 
lambdaPhi =  0.062671 +/- 0.063480 L(-1.2 - 1.2) 
lambdaThetaPhi = -0.0108492 +/- 0.12102 L(-1.2 - 1.2) 
lambdaTilde =  0.10910 +/- 0.20717 L(-1.2 - 1.2) 
