lambdaTheta =  0.33353 +/- 0.18662 L(-2 - 2) 
lambdaPhi =  0.047361 +/- 0.026046 L(-2 - 2) 
lambdaThetaPhi =  0.10649 +/- 0.061447 L(-2 - 2) 
lambdaTilde =  0.49926 +/- 0.073636 L(-2 - 2) 
