lambdaTheta =  0.55272 +/- 0.013058 L(-1.2 - 1.2) 
lambdaPhi = -0.180003 +/- 0.0021283 L(-1.2 - 1.2) 
lambdaThetaPhi = -0.138189 +/- 0.0041316 L(-1.2 - 1.2) 
lambdaTilde =  0.010772 +/- 0.0056851 L(-1.2 - 1.2) 
