lambdaTheta =  0.097748 +/- 0.17937 L(-3 - 3) 
lambdaPhi = -0.0240952 +/- 0.045917 L(-3 - 3) 
lambdaThetaPhi = -0.0363269 +/- 0.10414 L(-3 - 3) 
lambdaTilde =  0.024864 +/- 0.14073 L(-3 - 3) 
