lambdaTheta =  0.32962 +/- 0.18642 L(-3 - 3) 
lambdaPhi =  0.046841 +/- 0.026014 L(-3 - 3) 
lambdaThetaPhi =  0.10643 +/- 0.061267 L(-3 - 3) 
lambdaTilde =  0.49325 +/- 0.073657 L(-3 - 3) 
