lambdaTheta =  0.32818 +/- 0.18630 L(-1.2 - 1.2) 
lambdaPhi =  0.047366 +/- 0.026038 L(-1.2 - 1.2) 
lambdaThetaPhi =  0.10609 +/- 0.061399 L(-1.2 - 1.2) 
lambdaTilde =  0.49366 +/- 0.073756 L(-1.2 - 1.2) 
