lambdaTheta = -0.120533 +/- 0.0058647 L(-1.2 - 1.2) 
lambdaPhi =  0.022161 +/- 0.0013639 L(-1.2 - 1.2) 
lambdaThetaPhi =  0.082131 +/- 0.0027616 L(-1.2 - 1.2) 
lambdaTilde = -0.0552739 +/- 0.0044841 L(-1.2 - 1.2) 
