lambdaTheta =  0.089846 +/- 0.17708 L(-3 - 3) 
lambdaPhi = -0.0179025 +/- 0.045205 L(-3 - 3) 
lambdaThetaPhi = -0.0368271 +/- 0.10291 L(-3 - 3) 
lambdaTilde =  0.035503 +/- 0.13894 L(-3 - 3) 
