lambdaTheta =  0.76563 +/- 0.33598 L(-2 - 2) 
lambdaPhi = -0.126234 +/- 0.051813 L(-2 - 2) 
lambdaThetaPhi = -0.115717 +/- 0.095351 L(-2 - 2) 
lambdaTilde =  0.34356 +/- 0.13058 L(-2 - 2) 
