lambdaTheta =  1.2000 +/- 0.14574 L(-1.2 - 1.2) 
lambdaPhi =  0.023957 +/- 0.0096832 L(-1.2 - 1.2) 
lambdaThetaPhi = -0.218059 +/- 0.023432 L(-1.2 - 1.2) 
lambdaTilde =  1.2000 +/- 0.017148 L(-1.2 - 1.2) 
