lambdaTheta =  0.049365 +/- 0.17668 L(-1.2 - 1.2) 
lambdaPhi = -0.0273732 +/- 0.045647 L(-1.2 - 1.2) 
lambdaThetaPhi = -0.0440155 +/- 0.10322 L(-1.2 - 1.2) 
lambdaTilde = -0.0318821 +/- 0.14185 L(-1.2 - 1.2) 
