lambdaTheta =  0.89123 +/- 0.32957 L(-1.2 - 1.2) 
lambdaPhi = -0.00940607 +/- 0.044233 L(-1.2 - 1.2) 
lambdaThetaPhi =  0.0085283 +/- 0.070544 L(-1.2 - 1.2) 
lambdaTilde =  0.85497 +/- 0.10371 L(-1.2 - 1.2) 
