lambdaTheta =  0.051606 +/- 0.17681 L(-2 - 2) 
lambdaPhi = -0.0272906 +/- 0.045607 L(-2 - 2) 
lambdaThetaPhi = -0.0440692 +/- 0.10325 L(-2 - 2) 
lambdaTilde = -0.0294619 +/- 0.14163 L(-2 - 2) 
