lambdaTheta =  0.042448 +/- 0.22141 L(-3 - 3) 
lambdaPhi = -0.0255505 +/- 0.050660 L(-3 - 3) 
lambdaThetaPhi = -0.0256964 +/- 0.078942 L(-3 - 3) 
lambdaTilde = -0.0333512 +/- 0.15777 L(-3 - 3) 
