lambdaTheta = -0.0803777 +/- 0.16368 L(-3 - 3) 
lambdaPhi =  0.025223 +/- 0.041584 L(-3 - 3) 
lambdaThetaPhi = -0.0134987 +/- 0.097200 L(-3 - 3) 
lambdaTilde = -0.00482951 +/- 0.13510 L(-3 - 3) 
