lambdaTheta =  1.2806 +/- 0.014955 L(-3 - 3) 
lambdaPhi = -0.0785652 +/- 0.0017009 L(-3 - 3) 
lambdaThetaPhi = -0.124869 +/- 0.0041693 L(-3 - 3) 
lambdaTilde =  0.96876 +/- 0.0035704 L(-3 - 3) 
