lambdaTheta =  0.053859 +/- 0.17695 L(-2 - 2) 
lambdaPhi = -0.0272804 +/- 0.045659 L(-2 - 2) 
lambdaThetaPhi = -0.0442813 +/- 0.10340 L(-2 - 2) 
lambdaTilde = -0.0272394 +/- 0.14170 L(-2 - 2) 
