lambdaTheta =  1.2918 +/- 0.014995 L(-3 - 3) 
lambdaPhi = -0.0784256 +/- 0.0017014 L(-3 - 3) 
lambdaThetaPhi = -0.125350 +/- 0.0041733 L(-3 - 3) 
lambdaTilde =  0.97965 +/- 0.0035565 L(-3 - 3) 
