lambdaTheta = -0.661641 +/- 0.34824 L(-1.2 - 1.2) 
lambdaPhi = -0.0300419 +/- 0.086505 L(-1.2 - 1.2) 
lambdaThetaPhi = -0.316534 +/- 0.30617 L(-1.2 - 1.2) 
lambdaTilde = -0.729841 +/- 0.32430 L(-1.2 - 1.2) 
