lambdaTheta = -0.0498833 +/- 0.15223 L(-2 - 2) 
lambdaPhi =  0.037374 +/- 0.028498 L(-2 - 2) 
lambdaThetaPhi =  0.045294 +/- 0.062425 L(-2 - 2) 
lambdaTilde =  0.064654 +/- 0.091803 L(-2 - 2) 
