lambdaTheta =  0.10494 +/- 0.24483 L(-1.2 - 1.2) 
lambdaPhi = -0.0161507 +/- 0.056094 L(-1.2 - 1.2) 
lambdaThetaPhi =  0.00042127 +/- 0.087007 L(-1.2 - 1.2) 
lambdaTilde =  0.055590 +/- 0.17166 L(-1.2 - 1.2) 
