lambdaTheta =  0.87711 +/- 0.33967 L(-3 - 3) 
lambdaPhi = -0.120886 +/- 0.051753 L(-3 - 3) 
lambdaThetaPhi = -0.117066 +/- 0.095320 L(-3 - 3) 
lambdaTilde =  0.45897 +/- 0.12608 L(-3 - 3) 
