lambdaTheta =  1.2000 +/- 0.38781 L(-1.2 - 1.2) 
lambdaPhi = -0.0309263 +/- 0.049917 L(-1.2 - 1.2) 
lambdaThetaPhi = -0.135120 +/- 0.096314 L(-1.2 - 1.2) 
lambdaTilde =  1.1661 +/- 0.10114 L(-1.2 - 1.2) 
