lambdaTheta =  0.044240 +/- 0.22161 L(-3 - 3) 
lambdaPhi = -0.0261547 +/- 0.050682 L(-3 - 3) 
lambdaThetaPhi = -0.0256892 +/- 0.078954 L(-3 - 3) 
lambdaTilde = -0.0333518 +/- 0.15775 L(-3 - 3) 
