lambdaTheta = -0.0737139 +/- 0.23018 L(-1.2 - 1.2) 
lambdaPhi =  0.053478 +/- 0.063833 L(-1.2 - 1.2) 
lambdaThetaPhi = -0.00977388 +/- 0.12161 L(-1.2 - 1.2) 
lambdaTilde =  0.091619 +/- 0.20741 L(-1.2 - 1.2) 
