lambdaTheta =  1.2000 +/- 0.014906 L(-1.2 - 1.2) 
lambdaPhi = -0.0851449 +/- 0.0017031 L(-1.2 - 1.2) 
lambdaThetaPhi = -0.129884 +/- 0.0041537 L(-1.2 - 1.2) 
lambdaTilde =  0.92341 +/- 0.0036173 L(-1.2 - 1.2) 
