lambdaTheta =  0.32489 +/- 0.18622 L(-2 - 2) 
lambdaPhi =  0.046771 +/- 0.026040 L(-2 - 2) 
lambdaThetaPhi =  0.10608 +/- 0.061367 L(-2 - 2) 
lambdaTilde =  0.48803 +/- 0.073858 L(-2 - 2) 
