lambdaTheta =  0.59014 +/- 0.012758 L(-1.2 - 1.2) 
lambdaPhi = -0.145694 +/- 0.0020372 L(-1.2 - 1.2) 
lambdaThetaPhi = -0.151455 +/- 0.0040431 L(-1.2 - 1.2) 
lambdaTilde =  0.13359 +/- 0.0053980 L(-1.2 - 1.2) 
