lambdaTheta =  0.044796 +/- 0.22165 L(-2 - 2) 
lambdaPhi = -0.0260563 +/- 0.050683 L(-2 - 2) 
lambdaThetaPhi = -0.0257099 +/- 0.078968 L(-2 - 2) 
lambdaTilde = -0.0325255 +/- 0.15773 L(-2 - 2) 
