lambdaTheta =  0.76604 +/- 0.33595 L(-1.2 - 1.2) 
lambdaPhi = -0.126186 +/- 0.051814 L(-1.2 - 1.2) 
lambdaThetaPhi = -0.115722 +/- 0.095355 L(-1.2 - 1.2) 
lambdaTilde =  0.34406 +/- 0.13057 L(-1.2 - 1.2) 
