lambdaTheta =  1.3006 +/- 0.015022 L(-3 - 3) 
lambdaPhi = -0.0777018 +/- 0.0017015 L(-3 - 3) 
lambdaThetaPhi = -0.125329 +/- 0.0041769 L(-3 - 3) 
lambdaTilde =  0.99049 +/- 0.0035438 L(-3 - 3) 
