lambdaTheta =  0.40907 +/- 0.17773 L(-3 - 3) 
lambdaPhi = -0.0634188 +/- 0.047516 L(-3 - 3) 
lambdaThetaPhi =  0.10477 +/- 0.11379 L(-3 - 3) 
lambdaTilde =  0.20576 +/- 0.13261 L(-3 - 3) 
