lambdaTheta =  1.3162 +/- 0.38956 L(-2 - 2) 
lambdaPhi = -0.0304785 +/- 0.049959 L(-2 - 2) 
lambdaThetaPhi = -0.135368 +/- 0.096533 L(-2 - 2) 
lambdaTilde =  1.1885 +/- 0.10032 L(-2 - 2) 
