lambdaTheta =  0.77390 +/- 0.33663 L(-2 - 2) 
lambdaPhi = -0.126119 +/- 0.051835 L(-2 - 2) 
lambdaThetaPhi = -0.115966 +/- 0.095454 L(-2 - 2) 
lambdaTilde =  0.35125 +/- 0.13032 L(-2 - 2) 
