lambdaTheta =  0.33779 +/- 0.18667 L(-3 - 3) 
lambdaPhi =  0.048930 +/- 0.026007 L(-3 - 3) 
lambdaThetaPhi =  0.10660 +/- 0.061415 L(-3 - 3) 
lambdaTilde =  0.50951 +/- 0.073386 L(-3 - 3) 
