lambdaTheta =  0.34432 +/- 0.0083740 L(-1.2 - 1.2) 
lambdaPhi = -0.0920200 +/- 0.0029630 L(-1.2 - 1.2) 
lambdaThetaPhi =  0.099518 +/- 0.0071358 L(-1.2 - 1.2) 
lambdaTilde =  0.062510 +/- 0.0084195 L(-1.2 - 1.2) 
