lambdaTheta = -0.0752157 +/- 0.22869 L(-3 - 3) 
lambdaPhi =  0.065787 +/- 0.063254 L(-3 - 3) 
lambdaThetaPhi = -0.00986223 +/- 0.12170 L(-3 - 3) 
lambdaTilde =  0.13075 +/- 0.20573 L(-3 - 3) 
