lambdaTheta =  0.20371 +/- 0.0083024 L(-1.2 - 1.2) 
lambdaPhi = -0.0993125 +/- 0.0022074 L(-1.2 - 1.2) 
lambdaThetaPhi = -0.0818090 +/- 0.0044844 L(-1.2 - 1.2) 
lambdaTilde = -0.0857141 +/- 0.0065133 L(-1.2 - 1.2) 
