lambdaTheta = -0.0422916 +/- 0.23135 L(-3 - 3) 
lambdaPhi =  0.063867 +/- 0.063402 L(-3 - 3) 
lambdaThetaPhi = -0.0175888 +/- 0.12149 L(-3 - 3) 
lambdaTilde =  0.15950 +/- 0.20395 L(-3 - 3) 
