lambdaTheta =  0.40478 +/- 0.0017731 L(-3 - 3) 
lambdaPhi = -0.0595112 +/- 0.00047436 L(-3 - 3) 
lambdaThetaPhi =  0.10472 +/- 0.0011387 L(-3 - 3) 
lambdaTilde =  0.21354 +/- 0.0013255 L(-3 - 3) 
