lambdaTheta =  0.20656 +/- 0.037120 L(-1.2 - 1.2) 
lambdaPhi = -0.0574662 +/- 0.010235 L(-1.2 - 1.2) 
lambdaThetaPhi = -0.00651779 +/- 0.014534 L(-1.2 - 1.2) 
lambdaTilde =  0.032303 +/- 0.030310 L(-1.2 - 1.2) 
