lambdaTheta =  0.44604 +/- 0.080348 L(-1.2 - 1.2) 
lambdaPhi =  0.11189 +/- 0.0065509 L(-1.2 - 1.2) 
lambdaThetaPhi =  0.21422 +/- 0.020357 L(-1.2 - 1.2) 
lambdaTilde =  0.88018 +/- 0.017289 L(-1.2 - 1.2) 
