lambdaTheta =  0.037319 +/- 0.22125 L(-3 - 3) 
lambdaPhi = -0.0309883 +/- 0.050750 L(-3 - 3) 
lambdaThetaPhi = -0.0254889 +/- 0.078631 L(-3 - 3) 
lambdaTilde = -0.0539729 +/- 0.15818 L(-3 - 3) 
