lambdaTheta = -0.00153344 +/- 0.22356 L(-1.2 - 1.2) 
lambdaPhi = -0.138448 +/- 0.054017 L(-1.2 - 1.2) 
lambdaThetaPhi = -0.00580128 +/- 0.076183 L(-1.2 - 1.2) 
lambdaTilde = -0.366181 +/- 0.16662 L(-1.2 - 1.2) 
