lambdaTheta =  0.088315 +/- 0.010013 L(-1.2 - 1.2) 
lambdaPhi = -0.0305144 +/- 0.0026804 L(-1.2 - 1.2) 
lambdaThetaPhi = -0.0393865 +/- 0.0055336 L(-1.2 - 1.2) 
lambdaTilde = -0.00313270 +/- 0.0082329 L(-1.2 - 1.2) 
