lambdaTheta =  0.038916 +/- 0.0063541 L(-1.2 - 1.2) 
lambdaPhi =  0.030163 +/- 0.0013964 L(-1.2 - 1.2) 
lambdaThetaPhi =  0.071465 +/- 0.0030093 L(-1.2 - 1.2) 
lambdaTilde =  0.13343 +/- 0.0043714 L(-1.2 - 1.2) 
