lambdaTheta =  0.68655 +/- 0.36012 L(-3 - 3) 
lambdaPhi = -0.0443025 +/- 0.047901 L(-3 - 3) 
lambdaThetaPhi = -0.141604 +/- 0.092468 L(-3 - 3) 
lambdaTilde =  0.53015 +/- 0.12222 L(-3 - 3) 
