lambdaTheta =  1.2950 +/- 0.38781 L(-2 - 2) 
lambdaPhi = -0.0309263 +/- 0.049917 L(-2 - 2) 
lambdaThetaPhi = -0.135120 +/- 0.096314 L(-2 - 2) 
lambdaTilde =  1.1661 +/- 0.10114 L(-2 - 2) 
