lambdaTheta =  0.11163 +/- 0.0067381 L(-3 - 3) 
lambdaPhi =  0.031899 +/- 0.0012454 L(-3 - 3) 
lambdaThetaPhi =  0.15371 +/- 0.0037995 L(-3 - 3) 
lambdaTilde =  0.21415 +/- 0.0038076 L(-3 - 3) 
