lambdaTheta = -0.0720844 +/- 0.23008 L(-3 - 3) 
lambdaPhi =  0.053987 +/- 0.063611 L(-3 - 3) 
lambdaThetaPhi = -0.00994977 +/- 0.12115 L(-3 - 3) 
lambdaTilde =  0.095005 +/- 0.20659 L(-3 - 3) 
