lambdaTheta =  0.40410 +/- 0.17721 L(-1.2 - 1.2) 
lambdaPhi = -0.0587916 +/- 0.047508 L(-1.2 - 1.2) 
lambdaThetaPhi =  0.10459 +/- 0.11407 L(-1.2 - 1.2) 
lambdaTilde =  0.21508 +/- 0.13277 L(-1.2 - 1.2) 
