lambdaTheta = -0.0875020 +/- 0.33707 L(-1.2 - 1.2) 
lambdaPhi = -0.305996 +/- 0.078441 L(-1.2 - 1.2) 
lambdaThetaPhi = -0.221245 +/- 0.10342 L(-1.2 - 1.2) 
lambdaTilde = -0.769903 +/- 0.23426 L(-1.2 - 1.2) 
