lambdaTheta = -0.246521 +/- 0.27574 L(-1.2 - 1.2) 
lambdaPhi = -0.307696 +/- 0.091348 L(-1.2 - 1.2) 
lambdaThetaPhi = -0.203007 +/- 0.23273 L(-1.2 - 1.2) 
lambdaTilde = -0.894405 +/- 0.28086 L(-1.2 - 1.2) 
