lambdaTheta =  0.59868 +/- 0.013221 L(-1.2 - 1.2) 
lambdaPhi = -0.145576 +/- 0.0021051 L(-1.2 - 1.2) 
lambdaThetaPhi = -0.148584 +/- 0.0041630 L(-1.2 - 1.2) 
lambdaTilde =  0.14138 +/- 0.0055651 L(-1.2 - 1.2) 
