lambdaTheta =  0.0093239 +/- 0.0075739 L(-1.2 - 1.2) 
lambdaPhi = -0.0453408 +/- 0.0021207 L(-1.2 - 1.2) 
lambdaThetaPhi = -0.0601717 +/- 0.0042334 L(-1.2 - 1.2) 
lambdaTilde = -0.121203 +/- 0.0066490 L(-1.2 - 1.2) 
