lambdaTheta =  0.051426 +/- 0.17679 L(-2 - 2) 
lambdaPhi = -0.0271815 +/- 0.045650 L(-2 - 2) 
lambdaThetaPhi = -0.0441489 +/- 0.10332 L(-2 - 2) 
lambdaTilde = -0.0293220 +/- 0.14177 L(-2 - 2) 
