lambdaTheta =  0.094443 +/- 0.21979 L(-1.2 - 1.2) 
lambdaPhi = -0.0223560 +/- 0.048191 L(-1.2 - 1.2) 
lambdaThetaPhi =  0.0074992 +/- 0.079505 L(-1.2 - 1.2) 
lambdaTilde =  0.026777 +/- 0.14786 L(-1.2 - 1.2) 
