lambdaTheta =  0.050179 +/- 0.17673 L(-1.2 - 1.2) 
lambdaPhi = -0.0274121 +/- 0.045649 L(-1.2 - 1.2) 
lambdaThetaPhi = -0.0442740 +/- 0.10329 L(-1.2 - 1.2) 
lambdaTilde = -0.0312022 +/- 0.14182 L(-1.2 - 1.2) 
