lambdaTheta =  0.32917 +/- 0.18632 L(-1.2 - 1.2) 
lambdaPhi =  0.047045 +/- 0.026043 L(-1.2 - 1.2) 
lambdaThetaPhi =  0.10660 +/- 0.061410 L(-1.2 - 1.2) 
lambdaTilde =  0.49352 +/- 0.073748 L(-1.2 - 1.2) 
