lambdaTheta = -0.124780 +/- 0.0060392 L(-1.2 - 1.2) 
lambdaPhi =  0.024331 +/- 0.0013895 L(-1.2 - 1.2) 
lambdaThetaPhi =  0.080863 +/- 0.0028384 L(-1.2 - 1.2) 
lambdaTilde = -0.0530771 +/- 0.0045752 L(-1.2 - 1.2) 
