lambdaTheta =  0.32588 +/- 0.18624 L(-2 - 2) 
lambdaPhi =  0.046455 +/- 0.026044 L(-2 - 2) 
lambdaThetaPhi =  0.10663 +/- 0.061378 L(-2 - 2) 
lambdaTilde =  0.48791 +/- 0.073849 L(-2 - 2) 
