lambdaTheta =  1.3043 +/- 0.38874 L(-2 - 2) 
lambdaPhi = -0.0304074 +/- 0.049930 L(-2 - 2) 
lambdaThetaPhi = -0.135495 +/- 0.096410 L(-2 - 2) 
lambdaTilde =  1.1773 +/- 0.10074 L(-2 - 2) 
