lambdaTheta =  0.043676 +/- 0.22152 L(-3 - 3) 
lambdaPhi = -0.0258553 +/- 0.050672 L(-3 - 3) 
lambdaThetaPhi = -0.0257626 +/- 0.078953 L(-3 - 3) 
lambdaTilde = -0.0330361 +/- 0.15775 L(-3 - 3) 
