yield1S =  5117.0 +/- 134.64 L(0 - 201647) 
yield2S =  0.00065458 +/-  (-0.001, 51.279) L(0 - 201647) 
yield3S =  0.00020766 +/- 13.342 L(0 - 201647) 
