yield1S =  119.53 +/- 57.136 L(0 - 19121) 
yield2S =  0.00080171 +/- 25.937 L(0 - 19121) 
yield3S =  0.0079787 +/- 105.16 L(0 - 19121) 
