yield1S =  180.58 +/- 47.567 L(0 - 46868) 
yield2S =  19.198 +/- 10.068 L(0 - 46868) 
yield3S =  0.0000082897 +/- 0.000053876 L(0 - 46868) 
