yield1S =  119.34 +/- 18.512 L(0 - 46868) 
yield2S =  8.6646 +/- 12.840 L(0 - 46868) 
yield3S =  0.00033151 +/- 0.015602 L(0 - 46868) 
