yield1S =  173.96 +/- 39.666 L(0 - 223113) 
yield2S =  0.000022848 +/- 11.306 L(0 - 223113) 
yield3S =  0.0000046591 +/- 7.2767 L(0 - 223113) 
