yield1S =  5381.1 +/-  (-188.63, 186.27) L(0 - 223113) 
yield2S =  0.00086907 +/-  (-0.001, 56.904) L(0 - 223113) 
yield3S =  0.0012743 +/- 22.251 L(0 - 223113) 
