yield1S =  144.14 +/- 38.311 L(0 - 201647) 
yield2S =  0.012681 +/- 7.3603 L(0 - 201647) 
yield3S =  0.000012313 +/- 5.6685 L(0 - 201647) 
