yield1S =  48.152 +/- 14.141 L(0 - 46868) 
yield2S =  11.327 +/- 8.1936 L(0 - 46868) 
yield3S =  0.00000059254 +/- 0.000046706 L(0 - 46868) 
