yield1S =  145.79 +/- 41.682 L(0 - 9352) 
yield2S =  0.038310 +/- 22.710 L(0 - 9352) 
yield3S =  0.055829 +/- 36.362 L(0 - 9352) 
