yield1S =  217.08 +/- 39.577 L(0 - 578584) 
yield2S =  14.049 +/- 27.060 L(0 - 578584) 
yield3S =  0.012961 +/- 0.20589 L(0 - 578584) 
