yield1S =  254.50 +/- 101.96 L(0 - 578584) 
yield2S =  0.000051625 +/- 0.0011059 L(0 - 578584) 
yield3S =  0.049606 +/- 1.0830 L(0 - 578584) 
