yield1S =  186.64 +/- 24.003 L(0 - 46868) 
yield2S =  26.483 +/- 19.232 L(0 - 46868) 
yield3S =  0.0000021413 +/- 0.0022641 L(0 - 46868) 
