yield1S =  686.95 +/- 100.45 L(0 - 578584) 
yield2S =  121.42 +/- 47.998 L(0 - 578584) 
yield3S =  0.0036493 +/- 0.0090744 L(0 - 578584) 
