yield1S =  60.970 +/- 12.314 L(0 - 915) 
yield2S =  0.0000000030838 +/- 5.0937 L(0 - 915) 
yield3S =  0.0000000021662 +/- 8.4412 L(0 - 915) 
