yield1S =  70.466 +/- 19.414 L(0 - 46868) 
yield2S =  10.595 +/- 8.5351 L(0 - 46868) 
yield3S =  0.00041715 +/- 0.0024086 L(0 - 46868) 
