yield1S =  108.34 +/- 27.290 L(0 - 578584) 
yield2S =  0.00000021368 +/- 0.000084954 L(0 - 578584) 
yield3S =  19.050 +/- 23.791 L(0 - 578584) 
