yield1S =  105.69 +/- 26.142 L(0 - 578584) 
yield2S =  0.0034396 +/- 0.0085081 L(0 - 578584) 
yield3S =  5.9329 +/- 31.622 L(0 - 578584) 
