yield1S =  404.92 +/- 91.512 L(0 - 578584) 
yield2S =  3.0565 +/- 6.0443 L(0 - 578584) 
yield3S =  0.026090 +/- 0.25021 L(0 - 578584) 
