yield1S =  50.066 +/- 36.435 L(0 - 46868) 
yield2S =  0.000000024204 +/- 0.0000094378 L(0 - 46868) 
yield3S =  0.000090917 +/- 0.0031871 L(0 - 46868) 
