yield1S =  197.37 +/- 22.311 L(0 - 46868) 
yield2S =  13.266 +/- 13.474 L(0 - 46868) 
yield3S =  0.0019019 +/- 0.027393 L(0 - 46868) 
