yield1S =  179.09 +/- 37.378 L(0 - 223113) 
yield2S =  0.017425 +/- 191.16 L(0 - 223113) 
yield3S =  0.27107 +/- 80.545 L(0 - 223113) 
