yield1S =  93.615 +/- 16.615 L(0 - 46868) 
yield2S =  0.0082879 +/- 0.44188 L(0 - 46868) 
yield3S =  22.732 +/- 11.622 L(0 - 46868) 
