yield1S =  393.98 +/- 94.740 L(0 - 578584) 
yield2S =  0.000051007 +/- 0.011015 L(0 - 578584) 
yield3S =  0.56711 +/- 2.6042 L(0 - 578584) 
