yield1S =  158.58 +/- 22.455 L(0 - 46868) 
yield2S =  11.328 +/- 18.321 L(0 - 46868) 
yield3S =  0.012497 +/- 0.14340 L(0 - 46868) 
