yield1S =  354.82 +/- 40.988 L(0 - 12291) 
yield2S =  0.0012638 +/- 11.544 L(0 - 12291) 
yield3S =  0.0035920 +/- 11.016 L(0 - 12291) 
