yield1S =  292.57 +/- 132.60 L(0 - 578584) 
yield2S =  35.658 +/- 69.981 L(0 - 578584) 
yield3S =  0.022710 +/- 0.59127 L(0 - 578584) 
