yield1S =  102.46 +/- 25.761 L(0 - 578584) 
yield2S =  22.893 +/- 22.468 L(0 - 578584) 
yield3S =  0.077842 +/- 0.31937 L(0 - 578584) 
