yield1S =  177.20 +/- 38.273 L(0 - 223113) 
yield2S =  0.030066 +/- 13.416 L(0 - 223113) 
yield3S =  0.00035293 +/- 12.239 L(0 - 223113) 
