yield1S =  93.847 +/- 26.158 L(0 - 578584) 
yield2S =  5.9321 +/- 20.062 L(0 - 578584) 
yield3S =  0.0011483 +/- 0.0019072 L(0 - 578584) 
