yield1S =  329.86 +/- 57.842 L(0 - 19194) 
yield2S =  0.14970 +/- 36.047 L(0 - 19194) 
yield3S =  0.025983 +/- 27.436 L(0 - 19194) 
