yield1S =  381.87 +/- 40.248 L(0 - 223113) 
yield2S =  0.027311 +/- 12.807 L(0 - 223113) 
yield3S =  0.00025087 +/- 6.6775 L(0 - 223113) 
