yield1S =  164.53 +/- 21.811 L(0 - 46868) 
yield2S =  11.036 +/- 10.219 L(0 - 46868) 
yield3S =  0.00038117 +/- 0.011361 L(0 - 46868) 
