yield1S =  206.42 +/- 101.32 L(0 - 578584) 
yield2S =  0.000054216 +/- 0.0016421 L(0 - 578584) 
yield3S =  2.9215 +/- 12.259 L(0 - 578584) 
