yield1S =  307.53 +/- 88.159 L(0 - 578584) 
yield2S =  0.00022092 +/- 0.064320 L(0 - 578584) 
yield3S =  0.000011000 +/- 0.11720 L(0 - 578584) 
