yield1S =  179.41 +/- 39.386 L(0 - 223113) 
yield2S =  0.0017716 +/- 15.679 L(0 - 223113) 
yield3S =  0.00029776 +/- 10.517 L(0 - 223113) 
