yield1S =  51.937 +/- 10.780 L(0 - 46868) 
yield2S =  0.000013020 +/- 0.00072745 L(0 - 46868) 
yield3S =  0.0000082568 +/- 0.0013815 L(0 - 46868) 
