yield1S =  176.62 +/- 23.818 L(0 - 46868) 
yield2S =  33.949 +/- 19.224 L(0 - 46868) 
yield3S =  0.0000023925 +/- 0.00012735 L(0 - 46868) 
