yield1S =  221.03 +/- 40.802 L(0 - 46868) 
yield2S =  26.734 +/- 9.7629 L(0 - 46868) 
yield3S =  0.0024294 +/- 0.094406 L(0 - 46868) 
