yield1S =  369.35 +/- 40.491 L(0 - 223113) 
yield2S =  0.00055183 +/- 17.514 L(0 - 223113) 
yield3S =  0.000083904 +/- 9.4471 L(0 - 223113) 
