yield1S =  832.91 +/- 78.769 L(0 - 732863) 
yield2S =  0.00097178 +/- 78.844 L(0 - 732863) 
yield3S =  0.0019051 +/- 50.612 L(0 - 732863) 
