yield1S =  144.95 +/- 20.910 L(0 - 46868) 
yield2S =  27.876 +/- 13.949 L(0 - 46868) 
yield3S =  0.00000011925 +/- 0.000068492 L(0 - 46868) 
