yield1S =  330.57 +/- 56.839 L(0 - 732863) 
yield2S =  0.099605 +/- 80.124 L(0 - 732863) 
yield3S =  0.087241 +/- 24.439 L(0 - 732863) 
