yield1S =  63.050 +/- 13.304 L(0 - 723) 
yield2S =  0.0023239 +/- 14.132 L(0 - 723) 
yield3S =  0.0055019 +/- 25.614 L(0 - 723) 
