yield1S =  282.45 +/- 38.465 L(0 - 7020) 
yield2S =  0.019231 +/- 17.013 L(0 - 7020) 
yield3S =  0.0000075049 +/- 8.7137 L(0 - 7020) 
