yield1S =  177.50 +/- 57.159 L(0 - 732863) 
yield2S =  0.21334 +/- 62.112 L(0 - 732863) 
yield3S =  0.034381 +/- 61.302 L(0 - 732863) 
