yield1S =  970.71 +/- 50.413 L(0 - 578584) 
yield2S =  76.288 +/- 25.697 L(0 - 578584) 
yield3S =  0.0017577 +/- 0.042586 L(0 - 578584) 
