yield1S =  265.08 +/- 57.192 L(0 - 19148) 
yield2S =  0.0010687 +/- 27.724 L(0 - 19148) 
yield3S =  0.0028955 +/- 39.202 L(0 - 19148) 
