yield1S =  243.04 +/- 41.240 L(0 - 8459) 
yield2S =  0.014140 +/- 23.272 L(0 - 8459) 
yield3S =  0.0043175 +/- 23.867 L(0 - 8459) 
