yield1S =  156.12 +/- 40.227 L(0 - 9398) 
yield2S =  0.030380 +/- 35.847 L(0 - 9398) 
yield3S =  0.15359 +/- 15.773 L(0 - 9398) 
