yield1S =  148.23 +/- 21.100 L(0 - 46868) 
yield2S =  21.024 +/- 14.163 L(0 - 46868) 
yield3S =  0.014772 +/- 0.17814 L(0 - 46868) 
