yield1S =  227.16 +/- 66.070 L(0 - 732863) 
yield2S =  0.0024906 +/- 0.0058473 L(0 - 732863) 
yield3S =  0.0034866 +/- 0.060753 L(0 - 732863) 
