yield1S =  63.214 +/- 12.138 L(0 - 915) 
yield2S =  0.000000068184 +/- 7.6784 L(0 - 915) 
yield3S =  0.00000044408 +/- 35.828 L(0 - 915) 
