yield1S =  55.905 +/- 14.964 L(0 - 723) 
yield2S =  0.000011877 +/- 7.9215 L(0 - 723) 
yield3S =  0.010232 +/- 17.479 L(0 - 723) 
