yield1S =  380.03 +/- 45.929 L(0 - 37149) 
yield2S =  0.0029567 +/- 25.268 L(0 - 37149) 
yield3S =  0.41492 +/- 7.5279 L(0 - 37149) 
