yield1S =  459.97 +/- 39.530 L(0 - 223113) 
yield2S =  14.539 +/- 24.658 L(0 - 223113) 
yield3S =  0.000088496 +/- 0.00049026 L(0 - 223113) 
