yield1S =  176.24 +/- 30.156 L(0 - 578584) 
yield2S =  0.000093968 +/- 57.190 L(0 - 578584) 
yield3S =  0.000066793 +/- 26.777 L(0 - 578584) 
