yield1S =  463.23 +/- 44.675 L(0 - 223113) 
yield2S =  0.012808 +/- 0.064814 L(0 - 223113) 
yield3S =  45.741 +/- 24.781 L(0 - 223113) 
