yield1S =  240.94 +/- 42.810 L(0 - 223113) 
yield2S =  0.0085924 +/- 0.28406 L(0 - 223113) 
yield3S =  60.350 +/- 44.053 L(0 - 223113) 
