yield1S =  398.46 +/- 36.041 L(0 - 12718) 
yield2S =  0.000048014 +/- 70.228 L(0 - 12718) 
yield3S =  0.000013435 +/- 5.3950 L(0 - 12718) 
