yield1S =  404.32 +/- 36.642 L(0 - 12718) 
yield2S =  0.00085313 +/- 8.6307 L(0 - 12718) 
yield3S =  0.00082375 +/- 5.5089 L(0 - 12718) 
