yield1S =  182.38 +/- 40.903 L(0 - 223113) 
yield2S =  0.000078025 +/- 0.00093867 L(0 - 223113) 
yield3S =  21.064 +/- 55.570 L(0 - 223113) 
