yield1S =  376.70 +/- 37.420 L(0 - 11469) 
yield2S =  0.0011916 +/- 24.453 L(0 - 11469) 
yield3S =  0.000038555 +/- 7.1949 L(0 - 11469) 
