yield1S =  458.94 +/- 71.621 L(0 - 28565) 
yield2S =  0.0090517 +/- 34.863 L(0 - 28565) 
yield3S =  0.010511 +/- 14.252 L(0 - 28565) 
