yield1S =  332.55 +/- 33.817 L(0 - 12291) 
yield2S =  0.0032679 +/- 8.9755 L(0 - 12291) 
yield3S =  0.0000069160 +/- 4.3686 L(0 - 12291) 
