yield1S =  198.16 +/- 58.183 L(0 - 732863) 
yield2S =  105.27 +/- 68.166 L(0 - 732863) 
yield3S =  0.000091133 +/- 0.061557 L(0 - 732863) 
