yield1S =  313.58 +/- 29.603 L(0 - 11182) 
yield2S =  0.0088658 +/- 16.816 L(0 - 11182) 
yield3S =  0.000010829 +/- 3.5300 L(0 - 11182) 
