yield1S =  610.64 +/- 44.068 L(0 - 223113) 
yield2S =  27.585 +/- 25.652 L(0 - 223113) 
yield3S =  0.011613 +/- 0.052078 L(0 - 223113) 
