yield1S =  217.51 +/- 42.421 L(0 - 223113) 
yield2S =  57.634 +/- 45.335 L(0 - 223113) 
yield3S =  0.019050 +/- 0.20442 L(0 - 223113) 
