yield1S =  508.36 +/- 57.478 L(0 - 223113) 
yield2S =  48.859 +/- 30.656 L(0 - 223113) 
yield3S =  0.000018028 +/- 0.000086584 L(0 - 223113) 
