yield1S =  397.56 +/- 42.291 L(0 - 223113) 
yield2S =  10.440 +/- 29.406 L(0 - 223113) 
yield3S =  0.0028196 +/- 0.0051561 L(0 - 223113) 
