yield1S =  376.56 +/- 37.476 L(0 - 11469) 
yield2S =  0.000072870 +/- 23.140 L(0 - 11469) 
yield3S =  0.000018587 +/- 7.7717 L(0 - 11469) 
