yield1S =  318.39 +/- 34.648 L(0 - 12725) 
yield2S =  0.0012409 +/- 14.530 L(0 - 12725) 
yield3S =  0.000043764 +/- 9.7221 L(0 - 12725) 
