yield1S =  56.987 +/- 3.3292 L(0 - 1203) 
yield2S =  13.874 +/- 2.5797 L(0 - 1203) 
yield3S =  0.0047869 +/- 0.79881 L(0 - 1203) 
