yield1S =  321.59 +/- 34.881 L(0 - 12725) 
yield2S =  0.019277 +/- 14.840 L(0 - 12725) 
yield3S =  0.0043425 +/- 10.148 L(0 - 12725) 
