yield1S =  210.51 +/- 39.884 L(0 - 201647) 
yield2S =  0.0000072206 +/- 34.346 L(0 - 201647) 
yield3S =  0.0058253 +/- 15.948 L(0 - 201647) 
