yield1S =  477.64 +/- 57.512 L(0 - 28565) 
yield2S =  0.048194 +/- 34.519 L(0 - 28565) 
yield3S =  0.17927 +/- 11.225 L(0 - 28565) 
