yield1S =  496.57 +/- 48.137 L(0 - 223113) 
yield2S =  52.699 +/- 28.790 L(0 - 223113) 
yield3S =  0.000000011072 +/- 0.0000057580 L(0 - 223113) 
