yield1S =  67.006 +/- 72.319 L(0 - 732863) 
yield2S =  0.00037501 +/- 0.064250 L(0 - 732863) 
yield3S =  39.955 +/- 70.893 L(0 - 732863) 
