yield1S =  229.72 +/- 52.580 L(0 - 38225) 
yield2S =  0.15654 +/- 109.08 L(0 - 38225) 
yield3S =  0.00010572 +/- 26.979 L(0 - 38225) 
