yield1S =  390.37 +/- 39.546 L(0 - 223113) 
yield2S =  20.339 +/- 26.107 L(0 - 223113) 
yield3S =  0.000000011716 +/- 0.0000016838 L(0 - 223113) 
