yield1S =  302.37 +/- 53.236 L(0 - 732863) 
yield2S =  0.00019000 +/- 0.00064954 L(0 - 732863) 
yield3S =  109.45 +/- 57.951 L(0 - 732863) 
