yield1S =  826.64 +/- 111.53 L(0 - 732863) 
yield2S =  165.98 +/- 76.554 L(0 - 732863) 
yield3S =  0.029148 +/- 0.53487 L(0 - 732863) 
