yield1S =  147.46 +/- 25.363 L(0 - 6076) 
yield2S =  0.024518 +/- 39.601 L(0 - 6076) 
yield3S =  0.00012049 +/- 22.363 L(0 - 6076) 
