yield1S =  35890 +/- 550.52 L(0 - 1.44356e+06) 
yield2S =  3766.9 +/- 346.21 L(0 - 1.44356e+06) 
yield3S =  737.27 +/- 320.78 L(0 - 1.44356e+06) 
