yield1S =  338.75 +/- 34.375 L(0 - 12291) 
yield2S =  0.012603 +/- 8.8885 L(0 - 12291) 
yield3S =  0.00018452 +/- 4.4756 L(0 - 12291) 
