yield1S =  221.31 +/- 38.770 L(0 - 223113) 
yield2S =  0.000046949 +/- 0.0045867 L(0 - 223113) 
yield3S =  32.153 +/- 46.050 L(0 - 223113) 
