yield1S =  48.346 +/- 10.667 L(0 - 915) 
yield2S =  0.0000072465 +/- 4.0660 L(0 - 915) 
yield3S =  0.00000083599 +/- 7.5759 L(0 - 915) 
