yield1S =  61.165 +/- 12.215 L(0 - 723) 
yield2S =  0.000041129 +/- 7.7242 L(0 - 723) 
yield3S =  0.0011962 +/- 26.253 L(0 - 723) 
