yield1S =  382.03 +/- 36.260 L(0 - 223113) 
yield2S =  0.010658 +/- 0.040086 L(0 - 223113) 
yield3S =  0.00035762 +/- 0.00040939 L(0 - 223113) 
