yield1S =  309.01 +/- 29.316 L(0 - 11182) 
yield2S =  0.030747 +/- 14.755 L(0 - 11182) 
yield3S =  0.00032167 +/- 3.4823 L(0 - 11182) 
