yield1S =  200.48 +/- 37.886 L(0 - 9679) 
yield2S =  0.0033762 +/- 32.638 L(0 - 9679) 
yield3S =  0.52800 +/- 119.84 L(0 - 9679) 
