yield1S =  212.44 +/- 61.486 L(0 - 732863) 
yield2S =  0.012545 +/- 0.21676 L(0 - 732863) 
yield3S =  0.14933 +/- 2.4834 L(0 - 732863) 
