yield1S =  197.29 +/- 52.955 L(0 - 732863) 
yield2S =  38.366 +/- 57.572 L(0 - 732863) 
yield3S =  0.070830 +/- 0.15724 L(0 - 732863) 
