yield1S =  2207.6 +/- 86.781 L(0 - 732863) 
yield2S =  203.57 +/- 44.281 L(0 - 732863) 
yield3S =  0.26368 +/- 0.70655 L(0 - 732863) 
