yield1S =  317.59 +/- 30.686 L(0 - 6742) 
yield2S =  0.000068864 +/- 16.096 L(0 - 6742) 
yield3S =  0.11292 +/- 59.602 L(0 - 6742) 
