yield1S =  283.12 +/- 65.667 L(0 - 578584) 
yield2S =  0.0037726 +/- 141.79 L(0 - 578584) 
yield3S =  0.00017762 +/- 33.138 L(0 - 578584) 
