yield1S =  211.83 +/- 41.433 L(0 - 223113) 
yield2S =  0.0017109 +/- 0.0072178 L(0 - 223113) 
yield3S =  0.060970 +/- 1.3988 L(0 - 223113) 
