yield1S =  187.40 +/- 49.366 L(0 - 23594) 
yield2S =  0.000016142 +/- 44.526 L(0 - 23594) 
yield3S =  0.0019972 +/- 11.690 L(0 - 23594) 
