yield1S =  473.37 +/- 57.003 L(0 - 28565) 
yield2S =  0.00073327 +/- 32.463 L(0 - 28565) 
yield3S =  0.038500 +/- 22366 L(0 - 28565) 
