yield1S =  1026.9 +/- 79.862 L(0 - 732863) 
yield2S =  3.4421 +/- 71.719 L(0 - 732863) 
yield3S =  0.015417 +/- 0.62187 L(0 - 732863) 
