yield1S =  480.80 +/- 57.845 L(0 - 578584) 
yield2S =  0.080009 +/- 32.755 L(0 - 578584) 
yield3S =  0.00026354 +/- 10.013 L(0 - 578584) 
