yield1S =  384.19 +/- 41.048 L(0 - 223113) 
yield2S =  0.021328 +/- 0.031731 L(0 - 223113) 
yield3S =  0.0077971 +/- 0.0059271 L(0 - 223113) 
