yield1S =  61.085 +/- 12.219 L(0 - 723) 
yield2S =  0.0000059451 +/- 7.5981 L(0 - 723) 
yield3S =  0.00014621 +/- 17.836 L(0 - 723) 
