yield1S =  451.00 +/- 41.876 L(0 - 223113) 
yield2S =  0.19208 +/- 2.1183 L(0 - 223113) 
yield3S =  0.0019564 +/- 0.0052249 L(0 - 223113) 
