yield1S =  357.33 +/- 40.917 L(0 - 223113) 
yield2S =  0.026001 +/- 0.062325 L(0 - 223113) 
yield3S =  0.010900 +/- 0.018696 L(0 - 223113) 
