yield1S =  235.40 +/- 26.046 L(0 - 732863) 
yield2S =  0.018898 +/- 606823 L(0 - 732863) 
yield3S =  0.000096883 +/- 4.6084 L(0 - 732863) 
