yield1S =  280.06 +/- 40.005 L(0 - 223113) 
yield2S =  10.682 +/- 39.291 L(0 - 223113) 
yield3S =  0.00030329 +/- 0.0077770 L(0 - 223113) 
