yield1S =  1122.8 +/- 77.593 L(0 - 732863) 
yield2S =  0.026526 +/- 0.93097 L(0 - 732863) 
yield3S =  31.628 +/- 88.393 L(0 - 732863) 
