yield1S =  5382.1 +/- 203.05 L(0 - 223113) 
yield2S =  0.013345 +/- 0.26168 L(0 - 223113) 
yield3S =  0.00020190 +/- 0.00063572 L(0 - 223113) 
