yield1S =  468.68 +/- 76.992 L(0 - 38413) 
yield2S =  0.0000098138 +/- 0.0045198 L(0 - 19206) 
yield3S =  297.62 +/- 161.50 L(0 - 9603) 
