yield1S =  13904 L(0 - 1.39085e+08) 
yield2S =  18601 L(0 - 6.95423e+07) 
yield3S =  40431 L(0 - 3.47712e+07) 
