yield1S =  0.000000017187 +/- 0.00000038908 L(0 - 38413) 
yield2S =  0.00000077546 +/- 0.000015432 L(0 - 19206) 
yield3S =  314.56 +/- 106.90 L(0 - 9603) 
