yield1S =  1843.4 +/- 1392.8 L(0 - 2.78502e+06) 
yield2S =  0.000077499 +/- 0.39266 L(0 - 1.39251e+06) 
yield3S =  0.0000018024 +/- 0.0015568 L(0 - 696255) 
