yield1S =  280.82 +/- 102.94 L(0 - 78471) 
yield2S =  7.8047 +/- 33.048 L(0 - 39235) 
yield3S =  0.0077331 +/- 0.049730 L(0 - 19617) 
