yield1S =  775.18 +/- 4909.9 L(0 - 247176) 
yield2S =  2840.5 +/- 10409 L(0 - 123588) 
yield3S =  0.0000062278 +/- 0.0012860 L(0 - 61794) 
