yield1S =  1583.6 +/- 423.49 L(0 - 2.78502e+06) 
yield2S =  0.0000072055 +/- 0.00014671 L(0 - 1.39251e+06) 
yield3S =  0.0000041555 +/- 0.00010238 L(0 - 696255) 
