yield1S =  14585 +/- 2935.0 L(0 - 2.78502e+06) 
yield2S =  0.0000000009276 +/- 0.0000060180 L(0 - 1.39251e+06) 
yield3S =  0.000026666 +/- 0.0035003 L(0 - 696255) 
