yield1S =  442.49 +/- 89.028 L(0 - 78471) 
yield2S =  15.847 +/- 43.539 L(0 - 39235) 
yield3S =  0.000064623 +/- 0.0021501 L(0 - 19617) 
