yield1S =  76.479 +/- 36.153 L(0 - 78471) 
yield2S =  79.087 +/- 42.081 L(0 - 39235) 
yield3S =  0.0000051648 +/- 0.0042342 L(0 - 19617) 
