yield1S =  176.30 +/- 75.008 L(0 - 78471) 
yield2S =  20.213 +/- 49.655 L(0 - 39235) 
yield3S =  0.00010972 +/- 0.066631 L(0 - 19617) 
