yield1S =  209.96 +/- 94.598 L(0 - 78471) 
yield2S =  3.4713 +/- 22.802 L(0 - 39235) 
yield3S =  0.0019611 +/- 0.033274 L(0 - 19617) 
