yield1S =  1614.7 +/- 54.080 L(0 - 2.78502e+06) 
yield2S =  1038.1 +/- 29.562 L(0 - 1.39251e+06) 
yield3S =  740.34 +/- 19.984 L(0 - 696255) 
