yield1S =  337.97 +/- 112.19 L(0 - 78471) 
yield2S =  30.315 +/- 47.825 L(0 - 39235) 
yield3S =  0.0013600 +/- 0.034063 L(0 - 19617) 
