yield1S =  14301 +/- 3541.1 L(0 - 2.78502e+06) 
yield2S =  6565.3 +/- 3650.9 L(0 - 1.39251e+06) 
yield3S =  11889 +/- 6452.0 L(0 - 696255) 
