yield1S =  0.00068425 +/- 0.86149 L(0 - 2.78502e+06) 
yield2S =  0.00011499 +/- 0.019658 L(0 - 1.39251e+06) 
yield3S =  3123.0 +/- 17171 L(0 - 696255) 
