yield1S =  18919 +/- 57580 L(0 - 2.78502e+06) 
yield2S =  4371.1 +/- 51713 L(0 - 1.39251e+06) 
yield3S =  5722.6 +/- 43797 L(0 - 696255) 
