yield1S =  1.4143 +/- 3.0380 L(0 - 78471) 
yield2S =  0.0000046058 +/- 0.00000078047 L(0 - 39235) 
yield3S =  0.0000083637 +/- 0.0000010630 L(0 - 19617) 
