yield1S =  8199.3 L(0 - 1.39085e+08) 
yield2S =  2431.6 L(0 - 6.95423e+07) 
yield3S =  4071.6 L(0 - 3.47712e+07) 
