yield1S =  2014.4 L(0 - 1.39085e+08) 
yield2S =  1127016 L(0 - 6.95423e+07) 
yield3S =  10849678 L(0 - 3.47712e+07) 
