yield1S =  354.32 +/- 124.20 L(0 - 38413) 
yield2S =  0.0000037741 +/- 0.00020620 L(0 - 19206) 
yield3S =  160.83 +/- 338.35 L(0 - 9603) 
