yield1S =  356.06 +/- 73.728 L(0 - 78471) 
yield2S =  9.8738 +/- 41.670 L(0 - 39235) 
yield3S =  0.000013630 +/- 0.00094388 L(0 - 19617) 
