yield1S =  261.56 +/- 50.646 L(0 - 38413) 
yield2S =  29.557 +/- 29.341 L(0 - 19206) 
yield3S =  0.0013149 +/- 0.056556 L(0 - 9603) 
