yield1S =  27816926 L(0 - 1.39085e+08) 
yield2S =  13908463 L(0 - 6.95423e+07) 
yield3S =  6954231 L(0 - 3.47712e+07) 
