yield1S =  5676.3 L(0 - 1.39085e+08) 
yield2S =  1357.1 L(0 - 6.95423e+07) 
yield3S =  2404.3 L(0 - 3.47712e+07) 
