yield1S =  1.0127 +/- 0.11358 L(0 - 78471) 
yield2S =  0.00000039514 +/- 0.00000011066 L(0 - 39235) 
yield3S =  0.000077851 +/- 0.000010421 L(0 - 19617) 
