yield1S =  621.91 +/- 109.20 L(0 - 247176) 
yield2S =  39.893 +/- 51.354 L(0 - 123588) 
yield3S =  0.000052973 +/- 0.12106 L(0 - 61794) 
