yield1S =  20435 +/- 39174 L(0 - 2.78502e+06) 
yield2S =  6194.9 +/- 16595 L(0 - 1.39251e+06) 
yield3S =  10851 +/- 33226 L(0 - 696255) 
