yield1S =  491.36 +/- 195.99 L(0 - 247176) 
yield2S =  0.00013323 +/- 0.80369 L(0 - 123588) 
yield3S =  0.0000020012 +/- 0.00029261 L(0 - 61794) 
