yield1S =  631.32 +/- 92.107 L(0 - 247176) 
yield2S =  93.189 +/- 59.224 L(0 - 123588) 
yield3S =  0.0046323 +/- 0.27509 L(0 - 61794) 
