yield1S =  109.41 L(0 - 1.39085e+08) 
yield2S =  62117 L(0 - 6.95423e+07) 
yield3S =  1490521 L(0 - 3.47712e+07) 
