yield1S =  0.00015743 +/- 0.00043160 L(0 - 78471) 
yield2S =  1.4618 +/- 3.7084 L(0 - 39235) 
yield3S =  0.000028786 +/- 0.000042610 L(0 - 19617) 
