yield1S =  12.029 L(0 - 1.39085e+08) 
yield2S =  0.10614 L(0 - 6.95423e+07) 
yield3S =  10072 L(0 - 3.47712e+07) 
