yield1S =  360.14 +/- 94.918 L(0 - 78471) 
yield2S =  8.6854 +/- 31.847 L(0 - 39235) 
yield3S =  0.00025767 +/- 0.0045414 L(0 - 19617) 
