yield1S =  14565 +/- 4785.3 L(0 - 2.78502e+06) 
yield2S =  539.92 +/- 693.99 L(0 - 1.39251e+06) 
yield3S =  2379.1 +/- 1232.0 L(0 - 696255) 
