yield1S =  8881.3 +/- 257886 L(0 - 2.78502e+06) 
yield2S =  6518.9 +/- 265733 L(0 - 1.39251e+06) 
yield3S =  8071.9 +/- 174571 L(0 - 696255) 
