yield1S =  6544.8 +/- 437.27 L(0 - 2.78502e+06) 
yield2S =  1906.7 +/- 153.28 L(0 - 1.39251e+06) 
yield3S =  2436.3 +/- 332.25 L(0 - 696255) 
