yield1S =  1002.9 +/- 332.19 L(0 - 2.78502e+06) 
yield2S =  114.23 +/- 125.78 L(0 - 1.39251e+06) 
yield3S =  0.88920 +/- 15.150 L(0 - 696255) 
