yield1S =  2427.8 +/- 590.31 L(0 - 2.78502e+06) 
yield2S =  212.43 +/- 169.08 L(0 - 1.39251e+06) 
yield3S =  0.000051374 +/- 0.070188 L(0 - 696255) 
