yield1S =  2351.7 +/- 356.74 L(0 - 2.78502e+06) 
yield2S =  201.65 +/- 144.86 L(0 - 1.39251e+06) 
yield3S =  92.894 +/- 72.838 L(0 - 696255) 
