yield1S =  2271.8 +/- 783.47 L(0 - 2.78502e+06) 
yield2S =  0.000088901 +/- 0.014227 L(0 - 1.39251e+06) 
yield3S =  0.00050292 +/- 0.010428 L(0 - 696255) 
