yield1S =  60715 +/- 0.00054580 L(0 - 6.10038e+06) 
yield2S =  0.0013317 +/- 0.00000000004912 L(0 - 3.05019e+06) 
yield3S =  0.066131 +/- 0.0000000042667 L(0 - 1.52509e+06) 
