yield1S =  1047.7 +/- 27705 L(0 - 2.78502e+06) 
yield2S =  81.310 +/- 5546.6 L(0 - 1.39251e+06) 
yield3S =  8.9225 +/- 5124.2 L(0 - 696255) 
