yield1S =  2595.1 +/- 1480.5 L(0 - 2.78502e+06) 
yield2S =  442.50 +/- 493.05 L(0 - 1.39251e+06) 
yield3S =  369.13 +/- 539.30 L(0 - 696255) 
