yield1S =  311.01 +/- 31.024 L(0 - 38413) 
yield2S =  30.044 +/- 16.588 L(0 - 19206) 
yield3S =  0.000056245 +/- 0.0095869 L(0 - 9603) 
