yield1S =  0.00000012125 +/- 0.00000021419 L(0 - 38413) 
yield2S =  0.00000000015992 +/- 0.000000067186 L(0 - 19206) 
yield3S =  307.00 +/- 93.005 L(0 - 9603) 
