yield1S =  3702.1 +/- 2312.8 L(0 - 2.78502e+06) 
yield2S =  594.06 +/- 1524.2 L(0 - 1.39251e+06) 
yield3S =  0.0015346 +/- 0.0087294 L(0 - 696255) 
