yield1S =  47202 +/- 1595877 L(0 - 2.78502e+06) 
yield2S =  5127.6 +/- 442683 L(0 - 1.39251e+06) 
yield3S =  29614 +/- 552572 L(0 - 696255) 
