yield1S =  272.79 +/- 47.804 L(0 - 38413) 
yield2S =  34.099 +/- 28.035 L(0 - 19206) 
yield3S =  0.000085001 +/- 0.0080766 L(0 - 9603) 
