yield1S =  2264.3 +/- 6392.0 L(0 - 6.10038e+06) 
yield2S =  481.33 +/- 2807.1 L(0 - 3.05019e+06) 
yield3S =  0.0000022450 +/- 0.00065860 L(0 - 1.52509e+06) 
