yield1S =  63221 +/- 19505 L(0 - 6.10038e+06) 
yield2S =  0.00061317 +/- 0.0012601 L(0 - 3.05019e+06) 
yield3S =  0.019874 +/- 0.017234 L(0 - 1.52509e+06) 
