yield1S =  2630.9 +/- 1142.8 L(0 - 6.10038e+06) 
yield2S =  1598.6 +/- 1173.0 L(0 - 3.05019e+06) 
yield3S =  620.24 +/- 1276.0 L(0 - 1.52509e+06) 
