yield1S =  2917.1 +/- 642.34 L(0 - 2.78502e+06) 
yield2S =  302.61 +/- 199.63 L(0 - 1.39251e+06) 
yield3S =  154.38 +/- 189.99 L(0 - 696255) 
