yield1S =  2715.7 +/- 1328.7 L(0 - 2.78502e+06) 
yield2S =  402.32 +/- 502.28 L(0 - 1.39251e+06) 
yield3S =  336.16 +/- 559.63 L(0 - 696255) 
