yield1S =  2768.9 +/- 589.99 L(0 - 2.78502e+06) 
yield2S =  337.42 +/- 219.56 L(0 - 1.39251e+06) 
yield3S =  90.212 +/- 136.13 L(0 - 696255) 
