yield1S =  95.680 +/- 18.995 L(0 - 26927) 
yield2S =  2.7591 +/- 12.129 L(0 - 26927) 
yield3S =  0.0000023128 +/- 0.000019194 L(0 - 26927) 
