yield1S =  713.96 +/- 1406.4 L(0 - 142118) 
yield2S =  1.7218 +/- 6879.4 L(0 - 142118) 
yield3S =  0.000055933 +/- 0.056592 L(0 - 142118) 
