yield1S =  72.681 +/- 46.854 L(0 - 150489) 
yield2S =  0.0074238 +/- 0.17734 L(0 - 150489) 
yield3S =  26.087 +/- 60.017 L(0 - 150489) 
