yield1S =  100.16 +/- 22.545 L(0 - 119050) 
yield2S =  0.00000024998 +/- 0.0000018290 L(0 - 119050) 
yield3S =  0.0000 C L(-INF - +INF) 
