yield1S =  183.63 +/- 30.202 L(0 - 46868) 
yield2S =  20.735 +/- 22.629 L(0 - 46868) 
yield3S =  0.014446 +/- 0.13156 L(0 - 46868) 
