yield1S =  78.920 +/- 43.154 L(0 - 298983) 
yield2S =  0.0000075674 +/- 0.000043652 L(0 - 298983) 
yield3S =  0.00091891 +/- 0.0039226 L(0 - 298983) 
