yield1S =  0.20920 +/- 103.24 L(0 - 150489) 
yield2S =  0.82337 +/- 625.08 L(0 - 150489) 
yield3S =  6.0733 +/- 591.37 L(0 - 150489) 
