yield1S =  73.738 +/- 26.949 L(0 - 150489) 
yield2S =  31.944 +/- 24.979 L(0 - 150489) 
yield3S =  0.00000038399 +/- 0.00016629 L(0 - 150489) 
