yield1S =  281.37 +/- 71.091 L(0 - 119050) 
yield2S =  47.107 +/- 29.949 L(0 - 119050) 
yield3S =  0.0058954 +/- 0.015910 L(0 - 119050) 
