yield1S =  52.657 +/- 28.974 L(0 - 119050) 
yield2S =  0.00025865 +/- 0.0016411 L(0 - 119050) 
yield3S =  39.883 +/- 29.314 L(0 - 119050) 
