yield1S =  59.076 +/- 27.093 L(0 - 150489) 
yield2S =  16.394 +/- 160.09 L(0 - 150489) 
yield3S =  0.000016656 +/- 0.0049794 L(0 - 150489) 
