yield1S =  120.85 +/- 28.585 L(0 - 198908) 
yield2S =  5.5005 +/- 28.132 L(0 - 198908) 
yield3S =  0.0016541 +/- 0.0025094 L(0 - 198908) 
