yield1S =  169.63 +/- 28.669 L(0 - 46868) 
yield2S =  10.948 +/- 11.253 L(0 - 46868) 
yield3S =  0.0017902 +/- 0.031154 L(0 - 46868) 
