yield1S =  20.301 +/- 40.334 L(0 - 26927) 
yield2S =  6.8650 +/- 15.422 L(0 - 26927) 
yield3S =  0.00000024963 +/- 0.000034104 L(0 - 26927) 
