yield1S =  0.0000017011 +/- 0.00000000000000 L(0 - 33807) 
yield2S =  0.0000091765 +/- 0.00000000004965 L(0 - 33807) 
yield3S =  0.0000 C L(-INF - +INF) 
