yield1S =  101.30 +/- 38.772 L(0 - 150489) 
yield2S =  0.0011329 +/- 0.0029370 L(0 - 150489) 
yield3S =  0.00091154 +/- 0.0025469 L(0 - 150489) 
