yield1S =  40.463 +/- 32.542 L(0 - 150489) 
yield2S =  0.00015105 +/- 0.00092229 L(0 - 150489) 
yield3S =  9.9554 +/- 32.425 L(0 - 150489) 
