yield1S =  31.631 +/- 12.192 L(0 - 119050) 
yield2S =  0.000075865 +/- 0.00042807 L(0 - 119050) 
yield3S =  3.4017 +/- 9.9936 L(0 - 119050) 
