yield1S =  1320.8 +/- 117.77 L(0 - 732863) 
yield2S =  240.67 +/- 88.485 L(0 - 732863) 
yield3S =  0.10192 +/- 0.46475 L(0 - 732863) 
