yield1S =  96.912 +/- 24.665 L(0 - 10926) 
yield2S =  12.668 +/- 11.309 L(0 - 10926) 
yield3S =  0.0010557 +/- 0.014712 L(0 - 10926) 
