yield1S =  1296.9 +/- 200.95 L(0 - 732863) 
yield2S =  270.60 +/- 94.022 L(0 - 732863) 
yield3S =  0.00079936 +/- 0.051162 L(0 - 732863) 
