yield1S =  0.00058964 +/- 0.00015641 L(0 - 26927) 
yield2S =  0.019882 +/- 0.0000042365 L(0 - 26927) 
yield3S =  2.7270 +/- 0.0000039443 L(0 - 26927) 
