yield1S =  45.212 +/- 24.791 L(0 - 150489) 
yield2S =  0.00000024607 +/- 0.000014549 L(0 - 150489) 
yield3S =  0.044748 +/- 1.4984 L(0 - 150489) 
