yield1S =  829.22 +/- 138.27 L(0 - 142118) 
yield2S =  58.848 +/- 45.256 L(0 - 142118) 
yield3S =  0.000067909 +/- 0.0014031 L(0 - 142118) 
