yield1S =  0.48402 +/- 0.019597 L(0 - 150489) 
yield2S =  0.000085705 +/- 0.00000034921 L(0 - 150489) 
yield3S =  65.588 +/- 0.16723 L(0 - 150489) 
