yield1S =  0.00052288 +/- 0.00000013471 L(0 - 290525) 
yield2S =  0.017951 +/- 0.00021430 L(0 - 290525) 
yield3S =  0.0000 C L(-INF - +INF) 
