yield1S =  234.60 +/- 24.773 L(0 - 119050) 
yield2S =  0.000024257 +/- 0.000085702 L(0 - 119050) 
yield3S =  0.0000 C L(-INF - +INF) 
