yield1S =  0.000000049582 +/- 0.0000013086 L(0 - 26927) 
yield2S =  0.000069211 +/- 0.000052047 L(0 - 26927) 
yield3S =  0.000029927 +/- 0.000062916 L(0 - 26927) 
