yield1S =  329.28 +/- 158.57 L(0 - 578584) 
yield2S =  94.821 +/- 109.45 L(0 - 578584) 
yield3S =  0.0018506 +/- 0.0061508 L(0 - 578584) 
