yield1S =  129.75 +/- 43.130 L(0 - 119050) 
yield2S =  0.060121 +/- 0.49455 L(0 - 119050) 
yield3S =  0.0000 C L(-INF - +INF) 
