yield1S =  70.799 +/- 35.692 L(0 - 150489) 
yield2S =  0.00012663 +/- 0.00088496 L(0 - 150489) 
yield3S =  0.00024261 +/- 0.0027463 L(0 - 150489) 
