yield1S =  943.06 +/- 109.55 L(0 - 732863) 
yield2S =  0.00018957 +/- 0.0014617 L(0 - 732863) 
yield3S =  0.0000010214 +/- 0.000027597 L(0 - 732863) 
