yield1S =  563.61 +/- 74.742 L(0 - 223113) 
yield2S =  0.0018454 +/- 0.0074642 L(0 - 223113) 
yield3S =  59.508 +/- 29.095 L(0 - 223113) 
