yield1S =  42.210 +/- 11.315 L(0 - 26927) 
yield2S =  21.365 +/- 8.1827 L(0 - 26927) 
yield3S =  0.0023805 +/- 0.15555 L(0 - 26927) 
