yield1S =  72.012 +/- 20.637 L(0 - 119050) 
yield2S =  0.0054347 +/- 0.039129 L(0 - 119050) 
yield3S =  0.00025859 +/- 0.00037504 L(0 - 119050) 
