yield1S =  151.07 +/- 28.717 L(0 - 10926) 
yield2S =  15.408 +/- 11.174 L(0 - 10926) 
yield3S =  0.26670 +/- 0.93229 L(0 - 10926) 
