yield1S =  781.02 +/- 128.01 L(0 - 150489) 
yield2S =  63.725 +/- 64.258 L(0 - 75244) 
yield3S =  0.000057713 +/- 0.014340 L(0 - 37622) 
