yield1S =  63.295 +/- 24.234 L(0 - 140036) 
yield2S =  65.669 +/- 33.751 L(0 - 140036) 
yield3S =  0.0021982 +/- 0.017983 L(0 - 140036) 
