yield1S =  432.19 +/- 38.831 L(0 - 119050) 
yield2S =  0.014551 +/- 0.043289 L(0 - 119050) 
yield3S =  52.963 +/- 20.535 L(0 - 119050) 
