yield1S =  211.62 +/- 31.101 L(0 - 233911) 
yield2S =  0.00010031 +/- 0.00011806 L(0 - 233911) 
yield3S =  0.0000 C L(-INF - +INF) 
