yield1S =  1289.9 +/- 170.42 L(0 - 119050) 
yield2S =  129.02 +/- 57.933 L(0 - 119050) 
yield3S =  0.0000094081 +/- 0.0033484 L(0 - 119050) 
