yield1S =  261.57 +/- 77.373 L(0 - 578584) 
yield2S =  0.0012227 +/- 0.39194 L(0 - 578584) 
yield3S =  0.00017321 +/- 0.027657 L(0 - 578584) 
