yield1S =  1152.6 +/- 69.438 L(0 - 578584) 
yield2S =  61.784 +/- 31.196 L(0 - 578584) 
yield3S =  0.00065975 +/- 0.0015098 L(0 - 578584) 
