yield1S =  1217.1 +/- 146.71 L(0 - 119050) 
yield2S =  107.34 +/- 59.256 L(0 - 119050) 
yield3S =  0.000039856 +/- 0.014911 L(0 - 119050) 
