yield1S =  22.846 +/- 11.192 L(0 - 150489) 
yield2S =  0.00000033211 +/- 0.0000020125 L(0 - 150489) 
yield3S =  0.000027923 +/- 0.000014913 L(0 - 150489) 
