yield1S =  310.75 +/- 42.647 L(0 - 26927) 
yield2S =  56.990 +/- 20.125 L(0 - 26927) 
yield3S =  0.00030931 +/- 0.11204 L(0 - 26927) 
