yield1S =  342.41 +/- 65.647 L(0 - 290525) 
yield2S =  0.000053400 +/- 0.030278 L(0 - 290525) 
yield3S =  9.6663 +/- 32.049 L(0 - 290525) 
