yield1S =  146.65 +/- 32.473 L(0 - 233911) 
yield2S =  0.00024339 +/- 0.0011213 L(0 - 233911) 
yield3S =  0.0000 C L(-INF - +INF) 
