yield1S =  295.03 +/- 89.190 L(0 - 578584) 
yield2S =  0.41827 +/- 1.3432 L(0 - 578584) 
yield3S =  0.026388 +/- 1.0699 L(0 - 578584) 
