yield1S =  591.96 +/- 43.635 L(0 - 290525) 
yield2S =  0.079403 +/- 0.64932 L(0 - 290525) 
yield3S =  44.827 +/- 22.481 L(0 - 290525) 
