yield1S =  61.131 +/- 57.863 L(0 - 150489) 
yield2S =  18.046 +/- 31.720 L(0 - 150489) 
yield3S =  0.010065 +/- 0.80404 L(0 - 150489) 
