yield1S =  0.10650 +/- 0.34563 L(0 - 26927) 
yield2S =  0.15704 +/- 0.58509 L(0 - 26927) 
yield3S =  5.5282 +/- 24.164 L(0 - 26927) 
