yield1S =  191.87 +/- 27.330 L(0 - 150489) 
yield2S =  13.096 +/- 13.565 L(0 - 150489) 
yield3S =  0.014122 +/- 0.048720 L(0 - 150489) 
