yield1S =  315.68 +/- 99.952 L(0 - 578584) 
yield2S =  0.00050912 +/- 0.0021871 L(0 - 578584) 
yield3S =  0.000061044 +/- 0.024529 L(0 - 578584) 
