yield1S =  662.33 +/- 100.76 L(0 - 140036) 
yield2S =  74.799 +/- 38.440 L(0 - 140036) 
yield3S =  0.000017838 +/- 0.014678 L(0 - 140036) 
