yield1S =  183.60 +/- 26.504 L(0 - 150489) 
yield2S =  8.2173 +/- 16.755 L(0 - 150489) 
yield3S =  0.000000039012 +/- 0.0000019654 L(0 - 150489) 
