yield1S =  713.26 +/- 95.756 L(0 - 732863) 
yield2S =  0.033619 +/- 0.070310 L(0 - 732863) 
yield3S =  0.0052437 +/- 0.0090458 L(0 - 732863) 
