yield1S =  19.950 +/- 9.8521 L(0 - 119050) 
yield2S =  0.0000010904 +/- 0.00011948 L(0 - 119050) 
yield3S =  0.0000 C L(-INF - +INF) 
