yield1S =  98.214 +/- 15.011 L(0 - 33807) 
yield2S =  16.239 +/- 8.3209 L(0 - 33807) 
yield3S =  0.031360 +/- 0.73867 L(0 - 33807) 
