yield1S =  196.66 +/- 39.168 L(0 - 223113) 
yield2S =  0.00059370 +/- 0.0019567 L(0 - 223113) 
yield3S =  18.334 +/- 36.243 L(0 - 223113) 
