yield1S =  45.554 +/- 0.0016166 L(0 - 26927) 
yield2S =  37.668 +/- 0.0016210 L(0 - 26927) 
yield3S =  57.325 +/- 0.0018546 L(0 - 26927) 
