yield1S =  126.36 +/- 38.878 L(0 - 156865) 
yield2S =  58.389 +/- 25.773 L(0 - 156865) 
yield3S =  0.000022101 +/- 0.000086204 L(0 - 156865) 
