yield1S =  218.16 +/- 24.474 L(0 - 119050) 
yield2S =  0.00042727 +/- 0.00042226 L(0 - 119050) 
yield3S =  0.0000 C L(-INF - +INF) 
