yield1S =  370.58 +/- 76.790 L(0 - 578584) 
yield2S =  0.00019602 +/- 0.0012486 L(0 - 578584) 
yield3S =  0.0034387 +/- 0.012045 L(0 - 578584) 
