yield1S =  0.067501 +/- 123748 L(0 - 732863) 
yield2S =  0.0011487 +/- 0.27203 L(0 - 732863) 
yield3S =  0.00014171 +/- 0.031201 L(0 - 732863) 
