yield1S =  23.381 +/- 9.8849 L(0 - 119050) 
yield2S =  0.0000052192 +/- 0.000078842 L(0 - 119050) 
yield3S =  0.000030282 +/- 0.0025015 L(0 - 119050) 
