yield1S =  44.880 +/- 15.835 L(0 - 150489) 
yield2S =  0.13778 +/- 0.83647 L(0 - 150489) 
yield3S =  4.2588 +/- 10.248 L(0 - 150489) 
