yield1S =  260.92 +/- 149.63 L(0 - 119050) 
yield2S =  0.000060875 +/- 0.010908 L(0 - 119050) 
yield3S =  0.000022538 +/- 0.010847 L(0 - 119050) 
