yield1S =  0.000067543 +/- 0.00000035189 L(0 - 290525) 
yield2S =  0.0000016419 +/- 0.0000000056300 L(0 - 290525) 
yield3S =  0.0000 C L(-INF - +INF) 
