yield1S =  216.40 +/- 35.998 L(0 - 119050) 
yield2S =  0.0000061534 +/- 0.0010333 L(0 - 119050) 
yield3S =  0.0000 C L(-INF - +INF) 
