yield1S =  431.40 +/- 65.428 L(0 - 119050) 
yield2S =  0.050854 +/- 0.31738 L(0 - 119050) 
yield3S =  1.4117 +/- 5.4888 L(0 - 119050) 
