yield1S =  0.0000060283 +/- 0.00000015677 L(0 - 142118) 
yield2S =  0.000052688 +/- 0.0000079509 L(0 - 142118) 
yield3S =  3.4181 +/- 3.0039 L(0 - 142118) 
