yield1S =  179.48 +/- 45.937 L(0 - 142118) 
yield2S =  6.4142 +/- 25.765 L(0 - 142118) 
yield3S =  0.000094809 +/- 0.00026880 L(0 - 142118) 
