yield1S =  241.06 +/- 43.399 L(0 - 233911) 
yield2S =  0.011674 +/- 0.31636 L(0 - 233911) 
yield3S =  0.0000 C L(-INF - +INF) 
