yield1S =  173.68 +/- 39.902 L(0 - 198908) 
yield2S =  0.0055522 +/- 0.0074542 L(0 - 198908) 
yield3S =  20.319 +/- 30.297 L(0 - 198908) 
