yield1S =  201.19 +/- 73.019 L(0 - 119050) 
yield2S =  6.3959 +/- 29.096 L(0 - 119050) 
yield3S =  0.010761 +/- 0.085254 L(0 - 119050) 
