yield1S =  2692.0 +/- 0.00000000000725 L(0 - 26927) 
yield2S =  673.00 +/- 0.00000000000510 L(0 - 26927) 
yield3S =  224.00 +/- 0.00000000000329 L(0 - 26927) 
