yield1S =  4431.5 +/- 176.01 L(0 - 142118) 
yield2S =  115.36 +/- 116.68 L(0 - 142118) 
yield3S =  0.0000042866 +/- 0.0016743 L(0 - 142118) 
