yield1S =  0.000000098917 L(0 - 946827) 
yield2S =  0.00000052712 L(0 - 946827) 
yield3S =  0.0000 C L(-INF - +INF) 
