yield1S =  72.620 +/- 32.617 L(0 - 142118) 
yield2S =  0.011714 +/- 0.062022 L(0 - 142118) 
yield3S =  0.0044259 +/- 0.037261 L(0 - 142118) 
