yield1S =  434.77 +/- 60.973 L(0 - 142118) 
yield2S =  57.254 +/- 44.337 L(0 - 142118) 
yield3S =  0.00031008 +/- 0.00072198 L(0 - 142118) 
