yield1S =  33.721 +/- 22.678 L(0 - 150489) 
yield2S =  41.487 +/- 29.911 L(0 - 150489) 
yield3S =  0.000050591 +/- 0.00058404 L(0 - 150489) 
