yield1S =  87.882 +/- 24.832 L(0 - 150489) 
yield2S =  0.00000025154 +/- 0.00025305 L(0 - 150489) 
yield3S =  0.00000017671 +/- 0.000044560 L(0 - 150489) 
