yield1S =  492.92 +/- 35.162 L(0 - 26927) 
yield2S =  53.075 +/- 17.078 L(0 - 26927) 
yield3S =  0.00061354 +/- 0.0071185 L(0 - 26927) 
