yield1S =  229.21 +/- 32.845 L(0 - 233911) 
yield2S =  0.00035040 +/- 0.0010692 L(0 - 233911) 
yield3S =  0.0000 C L(-INF - +INF) 
