yield1S =  116.24 +/- 49.630 L(0 - 233911) 
yield2S =  0.0000026584 +/- 0.00058514 L(0 - 233911) 
yield3S =  0.0000 C L(-INF - +INF) 
