yield1S =  59.149 +/- 23.759 L(0 - 150489) 
yield2S =  14.414 +/- 22.607 L(0 - 150489) 
yield3S =  0.0072597 +/- 0.038205 L(0 - 150489) 
