yield1S =  254.19 +/- 32.764 L(0 - 119050) 
yield2S =  0.0054933 +/- 0.016510 L(0 - 119050) 
yield3S =  0.0000 C L(-INF - +INF) 
