yield1S =  323.29 +/- 56.140 L(0 - 156865) 
yield2S =  67.666 +/- 45.166 L(0 - 156865) 
yield3S =  0.000028768 +/- 0.0016562 L(0 - 156865) 
