yield1S =  0.00035454 +/- 0.0021411 L(0 - 150489) 
yield2S =  4.0957 +/- 14.830 L(0 - 150489) 
yield3S =  11.501 +/- 15.247 L(0 - 150489) 
