yield1S =  303.42 +/- 37.369 L(0 - 119050) 
yield2S =  18.293 +/- 16.648 L(0 - 119050) 
yield3S =  0.0083147 +/- 0.014937 L(0 - 119050) 
