yield1S =  740.93 +/- 74.967 L(0 - 732863) 
yield2S =  0.0000031239 +/- 0.000042842 L(0 - 732863) 
yield3S =  0.00056292 +/- 0.00072307 L(0 - 732863) 
