yield1S =  193.16 +/- 42.120 L(0 - 150489) 
yield2S =  84.190 +/- 30.397 L(0 - 150489) 
yield3S =  0.00073782 +/- 0.0057861 L(0 - 150489) 
