yield1S =  134.11 +/- 46.183 L(0 - 578584) 
yield2S =  0.0000072016 +/- 0.00011765 L(0 - 578584) 
yield3S =  8.4915 +/- 40.112 L(0 - 578584) 
