yield1S =  180.92 +/- 48.589 L(0 - 946827) 
yield2S =  0.000026118 +/- 0.00024062 L(0 - 946827) 
yield3S =  0.0019293 +/- 0.053281 L(0 - 946827) 
