yield1S =  277.06 +/- 0.00054675 L(0 - 142118) 
yield2S =  412.01 +/- 0.00068711 L(0 - 142118) 
yield3S =  157.14 +/- 0.00042810 L(0 - 142118) 
