yield1S =  133.84 +/- 30.623 L(0 - 150489) 
yield2S =  0.011819 +/- 0.067602 L(0 - 150489) 
yield3S =  0.0019039 +/- 0.0093328 L(0 - 150489) 
