yield1S =  38.036 +/- 46.264 L(0 - 290525) 
yield2S =  7.0058 +/- 20.214 L(0 - 290525) 
yield3S =  0.000017725 +/- 0.00081011 L(0 - 290525) 
