yield1S =  0.054618 +/- 2.4141 L(0 - 26927) 
yield2S =  4.3568 +/- 3.8079 L(0 - 26927) 
yield3S =  0.00010381 +/- 0.00018275 L(0 - 26927) 
