yield1S =  79.580 +/- 19.208 L(0 - 150489) 
yield2S =  0.0000060699 +/- 0.00013605 L(0 - 150489) 
yield3S =  0.0000017832 +/- 0.000021923 L(0 - 150489) 
