yield1S =  79.738 +/- 22.990 L(0 - 33807) 
yield2S =  18.451 +/- 12.913 L(0 - 33807) 
yield3S =  0.000067229 +/- 0.0014153 L(0 - 33807) 
