yield1S =  168.46 +/- 34.556 L(0 - 233911) 
yield2S =  0.00097040 +/- 0.077170 L(0 - 233911) 
yield3S =  0.0000 C L(-INF - +INF) 
