yield1S =  131.10 +/- 72.600 L(0 - 119050) 
yield2S =  18.870 +/- 40.687 L(0 - 119050) 
yield3S =  0.0000013000 +/- 0.00017205 L(0 - 119050) 
