yield1S =  238.43 +/- 88.849 L(0 - 156865) 
yield2S =  19.766 +/- 77.754 L(0 - 156865) 
yield3S =  0.000014287 +/- 0.00067069 L(0 - 156865) 
