yield1S =  24.898 +/- 8.9327 L(0 - 150489) 
yield2S =  0.000000026256 +/- 0.000018430 L(0 - 150489) 
yield3S =  7.9914 +/- 6.2817 L(0 - 150489) 
