yield1S =  1965.9 +/- 101.51 L(0 - 732863) 
yield2S =  61.796 +/- 45.026 L(0 - 732863) 
yield3S =  0.0000079590 +/- 0.000078546 L(0 - 732863) 
