yield1S =  39.713 +/- 10.979 L(0 - 26927) 
yield2S =  0.000000013529 +/- 0.0000016176 L(0 - 26927) 
yield3S =  7.3842 +/- 9.5422 L(0 - 26927) 
