yield1S =  63.424 +/- 18.145 L(0 - 119050) 
yield2S =  0.0064381 +/- 0.017667 L(0 - 119050) 
yield3S =  0.0000 C L(-INF - +INF) 
