yield1S =  0.0035243 +/- 0.0000014090 L(0 - 150489) 
yield2S =  0.033877 +/- 0.0000043587 L(0 - 150489) 
yield3S =  0.0012815 +/- 0.00000085206 L(0 - 150489) 
