yield1S =  922.57 +/- 13471 L(0 - 946827) 
yield2S =  71.107 +/- 1979.4 L(0 - 946827) 
yield3S =  0.0011916 +/- 0.13657 L(0 - 946827) 
