yield1S =  943.63 +/- 122.32 L(0 - 732863) 
yield2S =  0.69385 +/- 3.7534 L(0 - 732863) 
yield3S =  0.00086537 +/- 0.0013835 L(0 - 732863) 
