yield1S =  16.190 +/- 0.00077647 L(0 - 10926) 
yield2S =  3.6099 +/- 0.00052890 L(0 - 10926) 
yield3S =  21.386 +/- 0.00091207 L(0 - 10926) 
