yield1S =  64.517 +/- 34.988 L(0 - 140036) 
yield2S =  0.0000025355 +/- 0.00014665 L(0 - 140036) 
yield3S =  10.207 +/- 40.499 L(0 - 140036) 
