yield1S =  1.6339 +/- 7.7936 L(0 - 26927) 
yield2S =  0.000000036890 +/- 0.00000047058 L(0 - 26927) 
yield3S =  11.683 +/- 20.144 L(0 - 26927) 
