yield1S =  65.383 +/- 23.357 L(0 - 119050) 
yield2S =  0.000096952 +/- 0.0012270 L(0 - 119050) 
yield3S =  0.0000 C L(-INF - +INF) 
