yield1S =  203.76 +/- 47.768 L(0 - 150489) 
yield2S =  27.993 +/- 16.422 L(0 - 150489) 
yield3S =  0.024701 +/- 0.26813 L(0 - 150489) 
