yield1S =  169.77 +/- 37.075 L(0 - 156865) 
yield2S =  0.0000025531 +/- 0.00027578 L(0 - 156865) 
yield3S =  8.4167 +/- 29.205 L(0 - 156865) 
