yield1S =  604.77 +/- 83.024 L(0 - 946827) 
yield2S =  0.00039707 +/- 0.00019534 L(0 - 946827) 
yield3S =  0.000018309 +/- 0.000018297 L(0 - 946827) 
