yield1S =  756.60 +/- 91.462 L(0 - 119050) 
yield2S =  0.00014475 +/- 0.000090406 L(0 - 119050) 
yield3S =  0.0000066220 +/- 0.0000085902 L(0 - 119050) 
