yield1S =  1.6678 +/- 0.61976 L(0 - 150489) 
yield2S =  0.0011293 +/- 0.00032868 L(0 - 150489) 
yield3S =  7.1677 +/- 1.4119 L(0 - 150489) 
