yield1S =  391.62 +/- 77.519 L(0 - 298983) 
yield2S =  0.010369 +/- 0.085181 L(0 - 298983) 
yield3S =  0.0000 C L(-INF - +INF) 
