yield1S =  1430.0 +/- 0.000028183 L(0 - 150489) 
yield2S =  90.154 +/- 0.0000014457 L(0 - 150489) 
yield3S =  2078.5 +/- 0.000030565 L(0 - 150489) 
