yield1S =  106.63 +/- 14.741 L(0 - 10926) 
yield2S =  6.8767 +/- 7.1834 L(0 - 10926) 
yield3S =  0.014492 +/- 0.13641 L(0 - 10926) 
