yield1S =  37.380 +/- 16.131 L(0 - 150489) 
yield2S =  25.905 +/- 34.352 L(0 - 150489) 
yield3S =  0.0000042658 +/- 0.000036835 L(0 - 150489) 
