yield1S =  54.721 +/- 17.476 L(0 - 33807) 
yield2S =  14.808 +/- 12.275 L(0 - 33807) 
yield3S =  0.0068673 +/- 0.096120 L(0 - 33807) 
