yield1S =  162.94 +/- 21.916 L(0 - 33807) 
yield2S =  16.598 +/- 12.965 L(0 - 33807) 
yield3S =  0.00015844 +/- 0.00039635 L(0 - 33807) 
