yield1S =  55.496 +/- 12.708 L(0 - 26927) 
yield2S =  0.0010409 +/- 0.040876 L(0 - 26927) 
yield3S =  0.00021067 +/- 0.00062437 L(0 - 26927) 
