yield1S =  206.02 +/- 21.234 L(0 - 119050) 
yield2S =  0.00000028928 +/- 0.0000032979 L(0 - 119050) 
yield3S =  0.0000 C L(-INF - +INF) 
