yield1S =  545.79 +/- 108.18 L(0 - 732863) 
yield2S =  0.18622 +/- 0.42290 L(0 - 732863) 
yield3S =  0.020465 +/- 0.037729 L(0 - 732863) 
