yield1S =  19.832 +/- 7.5258 L(0 - 26927) 
yield2S =  0.0000058598 +/- 0.00084498 L(0 - 26927) 
yield3S =  2.5752 +/- 9.6384 L(0 - 26927) 
