yield1S =  246.28 +/- 272.85 L(0 - 946827) 
yield2S =  0.025903 +/- 1.2767 L(0 - 946827) 
yield3S =  0.030892 +/- 1.3093 L(0 - 946827) 
