yield1S =  168.32 +/- 28.451 L(0 - 150489) 
yield2S =  19.391 +/- 16.217 L(0 - 150489) 
yield3S =  0.00000014120 +/- 0.0000042326 L(0 - 150489) 
