yield1S =  1498.8 +/- 98.738 L(0 - 732863) 
yield2S =  33.619 +/- 46.046 L(0 - 732863) 
yield3S =  0.00019207 +/- 0.00027758 L(0 - 732863) 
