yield1S =  76.966 +/- 17.589 L(0 - 298983) 
yield2S =  49.446 +/- 36.560 L(0 - 298983) 
yield3S =  0.00026676 +/- 0.0022873 L(0 - 298983) 
