yield1S =  1621.5 +/- 2299.9 L(0 - 732863) 
yield2S =  0.0000044142 +/- 0.0030497 L(0 - 732863) 
yield3S =  0.00016611 +/- 0.0078720 L(0 - 732863) 
