yield1S =  1666.9 +/- 2019.6 L(0 - 946827) 
yield2S =  0.047401 +/- 0.064723 L(0 - 946827) 
yield3S =  6304.5 +/- 14123 L(0 - 946827) 
