yield1S =  127.57 +/- 54.856 L(0 - 198908) 
yield2S =  33.195 +/- 32.623 L(0 - 198908) 
yield3S =  0.00000081869 +/- 0.00076861 L(0 - 198908) 
