yield1S =  0.0057507 +/- 2.9257 L(0 - 150489) 
yield2S =  0.00000080388 +/- 0.000062389 L(0 - 150489) 
yield3S =  0.0000013492 +/- 0.000062277 L(0 - 150489) 
