yield1S =  145.26 +/- 36.944 L(0 - 119050) 
yield2S =  0.00046481 +/- 0.0037017 L(0 - 119050) 
yield3S =  0.0072194 +/- 0.36575 L(0 - 119050) 
