yield1S =  0.00000056750 +/- 0.000041633 L(0 - 150489) 
yield2S =  0.000067002 +/- 0.00035683 L(0 - 150489) 
yield3S =  0.000045456 +/- 0.00026125 L(0 - 150489) 
