yield1S =  861.56 L(0 - 946827) 
yield2S =  0.000043647 L(0 - 946827) 
yield3S =  0.27657 L(0 - 946827) 
