yield1S =  466.44 +/- 164.80 L(0 - 150489) 
yield2S =  118.29 +/- 148.78 L(0 - 150489) 
yield3S =  0.00046483 +/- 0.33764 L(0 - 150489) 
