yield1S =  379.16 +/- 39.963 L(0 - 119050) 
yield2S =  0.000000049485 +/- 0.0000019890 L(0 - 119050) 
yield3S =  42.149 +/- 20.948 L(0 - 119050) 
