yield1S =  0.0000079022 +/- 0.0000014885 L(0 - 10926) 
yield2S =  0.0000012608 +/- 0.000011188 L(0 - 10926) 
yield3S =  10.286 +/- 4.0023 L(0 - 10926) 
