yield1S =  256.30 +/- 46.208 L(0 - 732863) 
yield2S =  0.000027683 +/- 0.0012892 L(0 - 732863) 
yield3S =  45.809 +/- 41.687 L(0 - 732863) 
