yield1S =  388.66 +/- 174.55 L(0 - 732863) 
yield2S =  182.40 +/- 134.29 L(0 - 732863) 
yield3S =  0.0078272 +/- 0.37631 L(0 - 732863) 
