yield1S =  61.778 +/- 25.852 L(0 - 298983) 
yield2S =  0.021639 +/- 0.34751 L(0 - 298983) 
yield3S =  0.0000 C L(-INF - +INF) 
