yield1S =  1092.0 +/- 0.00000000000233 L(0 - 10926) 
yield2S =  273.00 +/- 0.00000000000164 L(0 - 10926) 
yield3S =  91.000 +/- 0.00000000000106 L(0 - 10926) 
