yield1S =  368.21 +/- 34.989 L(0 - 119050) 
yield2S =  36.823 +/- 18.810 L(0 - 119050) 
yield3S =  0.023758 +/- 0.093145 L(0 - 119050) 
