yield1S =  115.71 +/- 52.251 L(0 - 119050) 
yield2S =  0.00013240 +/- 0.00025912 L(0 - 119050) 
yield3S =  13.416 +/- 40.619 L(0 - 119050) 
