yield1S =  1407.0 +/- 1559.5 L(0 - 578584) 
yield2S =  127.18 +/- 962.10 L(0 - 578584) 
yield3S =  0.00095376 +/- 0.17512 L(0 - 578584) 
