yield1S =  419.15 +/- 119.29 L(0 - 578584) 
yield2S =  0.0021321 +/- 0.78091 L(0 - 578584) 
yield3S =  0.0043273 +/- 0.26747 L(0 - 578584) 
