yield1S =  54.379 +/- 12.808 L(0 - 26927) 
yield2S =  7.8655 +/- 11.977 L(0 - 26927) 
yield3S =  0.023866 +/- 0.20813 L(0 - 26927) 
