yield1S =  96.506 +/- 19.526 L(0 - 26927) 
yield2S =  30.537 +/- 13.526 L(0 - 26927) 
yield3S =  0.00019325 +/- 0.0035232 L(0 - 26927) 
