yield1S =  757.55 +/- 98.934 L(0 - 119050) 
yield2S =  0.0000086830 +/- 0.000013244 L(0 - 119050) 
yield3S =  0.0000038030 +/- 0.0000071400 L(0 - 119050) 
