yield1S =  434.55 +/- 86.021 L(0 - 142118) 
yield2S =  57.295 +/- 49.643 L(0 - 142118) 
yield3S =  0.0012050 +/- 0.055725 L(0 - 142118) 
