yield1S =  0.0000023457 +/- 0.000044869 L(0 - 142118) 
yield2S =  0.000016972 +/- 0.000021760 L(0 - 142118) 
yield3S =  10.891 +/- 6.6565 L(0 - 142118) 
