yield1S =  547.10 +/- 87.145 L(0 - 946827) 
yield2S =  17.135 +/- 64.163 L(0 - 946827) 
yield3S =  0.0087673 +/- 0.012478 L(0 - 946827) 
