yield1S =  1052.6 +/- 98.350 L(0 - 732863) 
yield2S =  128.02 +/- 57.976 L(0 - 732863) 
yield3S =  0.0094836 +/- 0.019125 L(0 - 732863) 
