yield1S =  453.24 +/- 55.830 L(0 - 150489) 
yield2S =  34.935 +/- 29.097 L(0 - 150489) 
yield3S =  0.00061480 +/- 0.0029011 L(0 - 150489) 
