yield1S =  160.71 +/- 44.253 L(0 - 119050) 
yield2S =  25.871 +/- 41.425 L(0 - 119050) 
yield3S =  0.000016120 +/- 0.0042541 L(0 - 119050) 
