yield1S =  219.17 +/- 33.779 L(0 - 233911) 
yield2S =  0.000098982 +/- 0.0042303 L(0 - 233911) 
yield3S =  0.0000 C L(-INF - +INF) 
