yield1S =  145.70 +/- 19.690 L(0 - 26927) 
yield2S =  2.1079 +/- 9.1736 L(0 - 26927) 
yield3S =  0.0058977 +/- 0.13393 L(0 - 26927) 
