yield1S =  74.368 +/- 30.518 L(0 - 140036) 
yield2S =  0.00012989 +/- 0.00058193 L(0 - 140036) 
yield3S =  0.000048473 +/- 0.00032118 L(0 - 140036) 
