yield1S =  122.50 +/- 35.888 L(0 - 119050) 
yield2S =  0.052347 +/- 0.082077 L(0 - 119050) 
yield3S =  0.0000 C L(-INF - +INF) 
