yield1S =  77.654 +/- 18.538 L(0 - 26927) 
yield2S =  1.4784 +/- 10.328 L(0 - 26927) 
yield3S =  0.00012494 +/- 0.00059811 L(0 - 26927) 
