yield1S =  352.60 +/- 140.46 L(0 - 150489) 
yield2S =  14.690 +/- 137.69 L(0 - 150489) 
yield3S =  0.00011019 +/- 0.026255 L(0 - 150489) 
