yield1S =  0.0000043115 +/- 0.0000031996 L(0 - 150489) 
yield2S =  0.00013543 +/- 0.0034449 L(0 - 150489) 
yield3S =  0.00075317 +/- 0.47451 L(0 - 150489) 
