yield1S =  682.00 +/- 62.031 L(0 - 119050) 
yield2S =  61.885 +/- 31.125 L(0 - 119050) 
yield3S =  0.00086299 +/- 0.029908 L(0 - 119050) 
