yield1S =  921.23 +/- 101.05 L(0 - 578584) 
yield2S =  204.63 +/- 52.152 L(0 - 578584) 
yield3S =  0.0019138 +/- 0.11387 L(0 - 578584) 
