yield1S =  115.36 +/- 0.065908 L(0 - 10926) 
yield2S =  10.396 +/- 0.30899 L(0 - 10926) 
yield3S =  2.5170 +/- 0.61700 L(0 - 10926) 
