yield1S =  118.98 +/- 23.430 L(0 - 119050) 
yield2S =  0.00000038190 +/- 0.000012223 L(0 - 119050) 
yield3S =  0.0000 C L(-INF - +INF) 
