yield1S =  388.43 +/- 45.095 L(0 - 223113) 
yield2S =  20.254 +/- 25.157 L(0 - 223113) 
yield3S =  0.0000042423 +/- 0.00019213 L(0 - 223113) 
