yield1S =  24.083 +/- 10.250 L(0 - 26927) 
yield2S =  0.00000043232 +/- 0.000018862 L(0 - 26927) 
yield3S =  3.2304 +/- 8.3408 L(0 - 26927) 
