yield1S =  130.14 +/- 18.127 L(0 - 33807) 
yield2S =  5.5094 +/- 10.027 L(0 - 33807) 
yield3S =  0.0010661 +/- 0.0029150 L(0 - 33807) 
