yield1S =  78.167 +/- 26.433 L(0 - 150489) 
yield2S =  0.00038344 +/- 0.0076180 L(0 - 150489) 
yield3S =  1.8812 +/- 20.844 L(0 - 150489) 
