yield1S =  18.173 +/- 29.555 L(0 - 150489) 
yield2S =  0.40176 +/- 9.5499 L(0 - 150489) 
yield3S =  0.013065 +/- 0.089494 L(0 - 150489) 
