yield1S =  381.53 +/- 119.14 L(0 - 946827) 
yield2S =  0.000043310 +/- 0.0018043 L(0 - 946827) 
yield3S =  0.00000080253 +/- 0.000087643 L(0 - 946827) 
