yield1S =  736.67 +/- 63.229 L(0 - 140036) 
yield2S =  91.672 +/- 34.906 L(0 - 140036) 
yield3S =  0.0080285 +/- 0.029585 L(0 - 140036) 
