yield1S =  150.98 +/- 28.900 L(0 - 10926) 
yield2S =  15.381 +/- 11.192 L(0 - 10926) 
yield3S =  0.014110 +/- 0.27654 L(0 - 10926) 
