yield1S =  1985.3 +/- 88.029 L(0 - 732863) 
yield2S =  54.338 +/- 42.290 L(0 - 732863) 
yield3S =  0.00016882 +/- 0.00035276 L(0 - 732863) 
