yield1S =  0.0000023241 +/- 0.00000049619 L(0 - 290525) 
yield2S =  0.000014297 +/- 0.0000012052 L(0 - 290525) 
yield3S =  0.0000 C L(-INF - +INF) 
