yield1S =  0.0015892 +/- 0.28183 L(0 - 150489) 
yield2S =  0.00012050 +/- 0.011195 L(0 - 150489) 
yield3S =  9.5914 +/- 60.565 L(0 - 150489) 
