yield1S =  102.81 +/- 5078.5 L(0 - 946827) 
yield2S =  0.00011527 +/- 15.645 L(0 - 946827) 
yield3S =  0.037137 +/- 43.319 L(0 - 946827) 
