yield1S =  234.60 +/- 46.339 L(0 - 150489) 
yield2S =  0.000000088420 +/- 0.00037107 L(0 - 75244) 
yield3S =  13.152 +/- 42.509 L(0 - 37622) 
