yield1S =  92.329 +/- 46.091 L(0 - 140036) 
yield2S =  0.000051051 +/- 0.00043381 L(0 - 140036) 
yield3S =  0.0000 C L(-INF - +INF) 
