yield1S =  815.66 L(0 - 119050) 
yield2S =  0.0000089552 L(0 - 119050) 
yield3S =  0.000017701 L(0 - 119050) 
