yield1S =  79.894 +/- 19.173 L(0 - 26927) 
yield2S =  11.314 +/- 7.1098 L(0 - 26927) 
yield3S =  0.00000021683 +/- 0.000017936 L(0 - 26927) 
