yield1S =  9.5003 +/- 0.00000000000000 L(0 - 26927) 
yield2S =  0.042547 +/- 0.00000000000000 L(0 - 26927) 
yield3S =  0.43272 +/- 0.00000000000000 L(0 - 26927) 
