yield1S =  160.96 +/- 22.129 L(0 - 290525) 
yield2S =  0.0000057674 +/- 0.00020694 L(0 - 290525) 
yield3S =  0.0000 C L(-INF - +INF) 
