yield1S =  669.76 +/- 77.433 L(0 - 140036) 
yield2S =  96.887 +/- 39.056 L(0 - 140036) 
yield3S =  0.072807 +/- 0.99630 L(0 - 140036) 
