yield1S =  0.000000010580 +/- 0.00000000047675 L(0 - 140036) 
yield2S =  0.0000 C L(-INF - +INF) 
yield3S =  0.0000 C L(-INF - +INF) 
