yield1S =  169.83 +/- 36.576 L(0 - 150489) 
yield2S =  0.26350 +/- 2.9722 L(0 - 150489) 
yield3S =  0.000054941 +/- 0.00056118 L(0 - 150489) 
