yield1S =  384.50 +/- 69.844 L(0 - 223113) 
yield2S =  0.0000045295 +/- 0.000083092 L(0 - 223113) 
yield3S =  0.00000022266 +/- 0.0000095530 L(0 - 223113) 
