yield1S =  0.00000012515 +/- 0.0000016307 L(0 - 142118) 
yield2S =  0.0000029829 +/- 0.000024771 L(0 - 142118) 
yield3S =  4.1651 +/- 11.652 L(0 - 142118) 
