yield1S =  22.162 +/- 15.649 L(0 - 119050) 
yield2S =  0.00088102 +/- 0.0080423 L(0 - 119050) 
yield3S =  0.0000 C L(-INF - +INF) 
