yield1S =  91.942 +/- 18.673 L(0 - 33807) 
yield2S =  0.00011021 +/- 0.00027776 L(0 - 33807) 
yield3S =  11.462 +/- 15.492 L(0 - 33807) 
