yield1S =  127.05 +/- 24.890 L(0 - 150489) 
yield2S =  0.47156 +/- 2.3523 L(0 - 150489) 
yield3S =  0.00040877 +/- 0.022300 L(0 - 150489) 
