yield1S =  51.663 +/- 17.873 L(0 - 33807) 
yield2S =  0.00057749 +/- 0.0032718 L(0 - 33807) 
yield3S =  0.73794 +/- 13.429 L(0 - 33807) 
