yield1S =  85.446 +/- 35.271 L(0 - 298983) 
yield2S =  0.00089601 +/- 0.0040955 L(0 - 298983) 
yield3S =  0.0000 C L(-INF - +INF) 
