yield1S =  752.90 +/- 104.29 L(0 - 732863) 
yield2S =  16.174 +/- 79.639 L(0 - 732863) 
yield3S =  0.0029121 +/- 0.033230 L(0 - 732863) 
