yield1S =  653.91 +/- 0.0092029 L(0 - 150489) 
yield2S =  74.620 +/- 0.0092214 L(0 - 150489) 
yield3S =  303.89 +/- 0.0075163 L(0 - 150489) 
