yield1S =  221.24 +/- 77.620 L(0 - 119050) 
yield2S =  0.00025702 +/- 0.0017807 L(0 - 119050) 
yield3S =  0.0000 C L(-INF - +INF) 
