yield1S =  62.488 +/- 14.627 L(0 - 26927) 
yield2S =  0.000059849 +/- 0.00038732 L(0 - 26927) 
yield3S =  7.8635 +/- 12.314 L(0 - 26927) 
