yield1S =  3.9236 +/- 795.22 L(0 - 150489) 
yield2S =  0.000000050457 +/- 0.000012787 L(0 - 150489) 
yield3S =  0.00014348 +/- 0.0050597 L(0 - 150489) 
