yield1S =  54.056 +/- 31.081 L(0 - 150489) 
yield2S =  0.000068983 +/- 0.00068393 L(0 - 150489) 
yield3S =  7.1884 +/- 40.242 L(0 - 150489) 
