yield1S =  1023.9 +/- 79.190 L(0 - 142118) 
yield2S =  104.10 +/- 40.458 L(0 - 142118) 
yield3S =  0.00062470 +/- 0.0023106 L(0 - 142118) 
