yield1S =  73.110 +/- 19.259 L(0 - 26927) 
yield2S =  0.000091936 +/- 0.0021807 L(0 - 26927) 
yield3S =  0.0000000013049 +/- 0.00000044585 L(0 - 26927) 
