yield1S =  56.984 +/- 23.553 L(0 - 142118) 
yield2S =  0.00042431 +/- 0.0015063 L(0 - 142118) 
yield3S =  0.16192 +/- 5.0554 L(0 - 142118) 
