yield1S =  237.19 +/- 93.754 L(0 - 119050) 
yield2S =  0.0000010455 +/- 0.00011542 L(0 - 119050) 
yield3S =  0.0000 C L(-INF - +INF) 
