yield1S =  149.68 +/- 28.382 L(0 - 198908) 
yield2S =  0.00012213 +/- 0.0014847 L(0 - 198908) 
yield3S =  0.00047364 +/- 0.0043209 L(0 - 198908) 
