yield1S =  198.68 +/- 31.052 L(0 - 150489) 
yield2S =  24.185 +/- 18.551 L(0 - 150489) 
yield3S =  0.00011323 +/- 0.00072690 L(0 - 150489) 
