yield1S =  209.99 +/- 27.077 L(0 - 46868) 
yield2S =  22.957 +/- 12.221 L(0 - 46868) 
yield3S =  0.00019391 +/- 0.00063501 L(0 - 46868) 
