yield1S =  1133.8 +/- 71.861 L(0 - 119050) 
yield2S =  97.216 +/- 38.586 L(0 - 119050) 
yield3S =  0.00000047529 +/- 0.000022954 L(0 - 119050) 
