yield1S =  403.11 +/- 50.592 L(0 - 223113) 
yield2S =  0.11375 +/- 0.87726 L(0 - 223113) 
yield3S =  0.00048298 +/- 0.00060870 L(0 - 223113) 
