yield1S =  143.98 +/- 27.105 L(0 - 290525) 
yield2S =  0.00034517 +/- 0.051688 L(0 - 290525) 
yield3S =  0.0000 C L(-INF - +INF) 
