yield1S =  71.633 +/- 25.551 L(0 - 150489) 
yield2S =  0.00054082 +/- 0.0021648 L(0 - 150489) 
yield3S =  0.000074818 +/- 0.00015884 L(0 - 150489) 
