yield1S =  29.602 +/- 13.068 L(0 - 26927) 
yield2S =  10.591 +/- 11.246 L(0 - 26927) 
yield3S =  0.0075307 +/- 0.082537 L(0 - 26927) 
