yield1S =  207.76 +/- 37.495 L(0 - 142118) 
yield2S =  40.172 +/- 30.276 L(0 - 142118) 
yield3S =  0.0022281 +/- 0.041753 L(0 - 142118) 
