yield1S =  319.66 +/- 142.12 L(0 - 578584) 
yield2S =  0.00000010185 +/- 0.000097983 L(0 - 578584) 
yield3S =  23.679 +/- 170.12 L(0 - 578584) 
