yield1S =  38.690 +/- 66.322 L(0 - 150489) 
yield2S =  0.00025106 +/- 0.0036308 L(0 - 150489) 
yield3S =  30.420 +/- 25.199 L(0 - 150489) 
