yield1S =  25.931 +/- 9.5396 L(0 - 26927) 
yield2S =  0.00000000000897 +/- 0.000000056634 L(0 - 26927) 
yield3S =  3.6999 +/- 7.6514 L(0 - 26927) 
