yield1S =  34.741 +/- 0.19489 L(0 - 156865) 
yield2S =  93.591 +/- 0.25156 L(0 - 156865) 
yield3S =  95.539 +/- 0.27149 L(0 - 156865) 
