yield1S =  383.91 +/- 81.435 L(0 - 578584) 
yield2S =  0.00053683 +/- 0.0016685 L(0 - 578584) 
yield3S =  38.803 +/- 73.946 L(0 - 578584) 
