yield1S =  431.17 +/- 127.93 L(0 - 119050) 
yield2S =  0.039524 +/- 0.29943 L(0 - 119050) 
yield3S =  0.052256 +/- 2.6902 L(0 - 119050) 
