yield1S =  255.69 +/- 59.819 L(0 - 119050) 
yield2S =  13.621 +/- 26.004 L(0 - 119050) 
yield3S =  0.0012674 +/- 0.0030773 L(0 - 119050) 
