yield1S =  326.08 +/- 35.056 L(0 - 150489) 
yield2S =  0.000033712 +/- 0.00039964 L(0 - 150489) 
yield3S =  6.9122 +/- 14.900 L(0 - 150489) 
