yield1S =  205.93 +/- 64.548 L(0 - 223113) 
yield2S =  0.00091061 +/- 0.0029684 L(0 - 223113) 
yield3S =  0.0051617 +/- 0.63518 L(0 - 223113) 
