yield1S =  816.17 +/- 126.23 L(0 - 150489) 
yield2S =  32.080 +/- 56.294 L(0 - 75244) 
yield3S =  0.00040621 +/- 0.0067126 L(0 - 37622) 
