yield1S =  288.80 +/- 26.346 L(0 - 119050) 
yield2S =  0.00071970 +/- 0.00040350 L(0 - 119050) 
yield3S =  0.0000 C L(-INF - +INF) 
