yield1S =  140.41 +/- 40.859 L(0 - 119050) 
yield2S =  0.000000060859 +/- 0.000045737 L(0 - 119050) 
yield3S =  0.0000 C L(-INF - +INF) 
