yield1S =  263.99 +/- 49.076 L(0 - 156865) 
yield2S =  24.347 +/- 47.482 L(0 - 156865) 
yield3S =  0.000011857 +/- 0.00020141 L(0 - 156865) 
