yield1S =  36.960 +/- 8.2214 L(0 - 156865) 
yield2S =  11.069 +/- 6.7914 L(0 - 156865) 
yield3S =  0.0000077215 +/- 0.000045117 L(0 - 156865) 
