yield1S =  899.58 +/- 127.73 L(0 - 142118) 
yield2S =  34.698 +/- 38.493 L(0 - 142118) 
yield3S =  0.0000017521 +/- 0.00025124 L(0 - 142118) 
