yield1S =  0.00017155 L(0 - 290525) 
yield2S =  0.000018340 L(0 - 290525) 
yield3S =  0.0000085707 L(0 - 290525) 
