yield1S =  97.960 +/- 22.903 L(0 - 150489) 
yield2S =  0.00000017632 +/- 0.000029771 L(0 - 150489) 
yield3S =  18.441 +/- 17.472 L(0 - 150489) 
