yield1S =  0.000051492 +/- 0.0000012957 L(0 - 142118) 
yield2S =  0.000012870 +/- 0.00000047143 L(0 - 142118) 
yield3S =  0.0000027106 +/- 0.0000019748 L(0 - 142118) 
