yield1S =  1081.0 +/- 89.560 L(0 - 732863) 
yield2S =  4.1410 +/- 6.8720 L(0 - 732863) 
yield3S =  0.00015675 +/- 0.00022377 L(0 - 732863) 
