yield1S =  0.000012497 +/- 0.00000026171 L(0 - 150489) 
yield2S =  0.028683 +/- 0.0016656 L(0 - 150489) 
yield3S =  48.542 +/- 13.153 L(0 - 150489) 
