yield1S =  66.639 +/- 29.181 L(0 - 150489) 
yield2S =  0.00016456 +/- 0.00041317 L(0 - 150489) 
yield3S =  15.094 +/- 30.968 L(0 - 150489) 
