yield1S =  44.600 +/- 17.647 L(0 - 150489) 
yield2S =  0.021764 +/- 0.38263 L(0 - 150489) 
yield3S =  3.0416 +/- 10.852 L(0 - 150489) 
