yield1S =  42.669 +/- 1844.8 L(0 - 150489) 
yield2S =  0.0000013063 +/- 0.017479 L(0 - 150489) 
yield3S =  0.000012134 +/- 0.0057952 L(0 - 150489) 
