yield1S =  120.85 +/- 83.980 L(0 - 298983) 
yield2S =  0.000013718 +/- 0.00022301 L(0 - 298983) 
yield3S =  0.0000011919 +/- 0.000026509 L(0 - 298983) 
