yield1S =  276.83 +/- 33.017 L(0 - 119050) 
yield2S =  0.054503 +/- 0.68705 L(0 - 119050) 
yield3S =  0.0000 C L(-INF - +INF) 
