yield1S =  55.097 +/- 19.375 L(0 - 119050) 
yield2S =  0.0035406 +/- 0.038581 L(0 - 119050) 
yield3S =  0.0000037609 +/- 0.00099088 L(0 - 119050) 
