yield1S =  53.079 +/- 161.82 L(0 - 150489) 
yield2S =  0.000023090 +/- 0.00027835 L(0 - 150489) 
yield3S =  0.000000030583 +/- 0.0000028550 L(0 - 150489) 
