yield1S =  144.37 +/- 51.444 L(0 - 233911) 
yield2S =  0.0029425 +/- 0.0062715 L(0 - 233911) 
yield3S =  0.0000 C L(-INF - +INF) 
