yield1S =  4.8151 +/- 0.00041294 L(0 - 26927) 
yield2S =  7.8494 +/- 0.00068762 L(0 - 26927) 
yield3S =  19.857 +/- 0.0000015202 L(0 - 26927) 
