yield1S =  0.0000032588 +/- 0.00000000002329 L(0 - 33807) 
yield2S =  0.0000047760 +/- 0.000000012665 L(0 - 33807) 
yield3S =  0.0000 C L(-INF - +INF) 
