yield1S =  167.29 +/- 32.679 L(0 - 275915) 
yield2S =  0.00094738 +/- 0.0029366 L(0 - 275915) 
yield3S =  0.00014882 +/- 0.00054353 L(0 - 275915) 
