yield1S =  1288.8 +/- 82.393 L(0 - 119050) 
yield2S =  128.79 +/- 42.463 L(0 - 119050) 
yield3S =  0.032661 +/- 0.58163 L(0 - 119050) 
