yield1S =  82.473 +/- 17.750 L(0 - 46868) 
yield2S =  21.096 +/- 14.350 L(0 - 46868) 
yield3S =  0.000099884 +/- 0.0047421 L(0 - 46868) 
