yield1S =  620.24 +/- 128.91 L(0 - 150489) 
yield2S =  52.658 +/- 68.638 L(0 - 75244) 
yield3S =  0.00016655 +/- 0.0011740 L(0 - 37622) 
