yield1S =  363.63 +/- 54.494 L(0 - 298983) 
yield2S =  131.64 +/- 45.151 L(0 - 298983) 
yield3S =  0.00043850 +/- 0.027040 L(0 - 298983) 
