yield1S =  106.25 +/- 27.945 L(0 - 233911) 
yield2S =  0.00047928 +/- 0.00084184 L(0 - 233911) 
yield3S =  0.0000 C L(-INF - +INF) 
