yield1S =  339.37 +/- 64.343 L(0 - 290525) 
yield2S =  126.58 +/- 41.344 L(0 - 290525) 
yield3S =  0.018443 +/- 0.59774 L(0 - 290525) 
