yield1S =  82.534 +/- 14.700 L(0 - 26927) 
yield2S =  7.1227 +/- 7.5266 L(0 - 26927) 
yield3S =  0.012265 +/- 0.10781 L(0 - 26927) 
