yield1S =  3.4478 +/- 0.000015295 L(0 - 26927) 
yield2S =  6.4427 +/- 0.000021684 L(0 - 26927) 
yield3S =  7.6462 +/- 0.000022779 L(0 - 26927) 
