yield1S =  71.276 +/- 0.78479 L(0 - 26927) 
yield2S =  0.97244 +/- 0.054529 L(0 - 26927) 
yield3S =  78.519 +/- 2.0012 L(0 - 26927) 
