yield1S =  0.69650 +/- 0.0000046160 L(0 - 150489) 
yield2S =  1.3298 +/- 0.000000037921 L(0 - 150489) 
yield3S =  1.1709 +/- 0.0000034669 L(0 - 150489) 
