yield1S =  236.30 +/- 25.103 L(0 - 119050) 
yield2S =  0.0011638 +/- 0.00069199 L(0 - 119050) 
yield3S =  0.0000 C L(-INF - +INF) 
