yield1S =  228.57 +/- 29.458 L(0 - 119050) 
yield2S =  0.0010644 +/- 0.0023406 L(0 - 119050) 
yield3S =  0.0000 C L(-INF - +INF) 
