yield1S =  74.710 +/- 30.169 L(0 - 150489) 
yield2S =  0.000091351 +/- 0.0018052 L(0 - 150489) 
yield3S =  0.0000072503 +/- 0.00022044 L(0 - 150489) 
