yield1S =  336.39 +/- 37.208 L(0 - 150489) 
yield2S =  0.00011067 +/- 0.00090210 L(0 - 150489) 
yield3S =  17.639 +/- 15.958 L(0 - 150489) 
