yield1S =  0.00000079788 L(0 - 119050) 
yield2S =  0.00000053830 L(0 - 119050) 
yield3S =  0.0000082483 L(0 - 119050) 
