yield1S =  60.740 +/- 29.927 L(0 - 150489) 
yield2S =  21.619 +/- 36.155 L(0 - 150489) 
yield3S =  0.00019112 +/- 0.0012741 L(0 - 150489) 
