yield1S =  1640.8 +/- 95.260 L(0 - 732863) 
yield2S =  0.000010569 +/- 0.00011631 L(0 - 732863) 
yield3S =  0.000034417 +/- 0.00019769 L(0 - 732863) 
