yield1S =  624.32 +/- 82.455 L(0 - 946827) 
yield2S =  0.0022492 +/- 0.00087357 L(0 - 946827) 
yield3S =  0.000029412 +/- 0.000036328 L(0 - 946827) 
