yield1S =  96.658 +/- 24.656 L(0 - 275915) 
yield2S =  0.00023694 +/- 0.0028093 L(0 - 275915) 
yield3S =  0.0012286 +/- 0.019498 L(0 - 275915) 
