yield1S =  3.9836 +/- 12.772 L(0 - 219125) 
yield2S =  0.000041482 +/- 0.00020639 L(0 - 219125) 
yield3S =  0.000039177 +/- 0.00012346 L(0 - 219125) 
