yield1S =  248.15 +/- 34.488 L(0 - 150489) 
yield2S =  29.683 +/- 13.802 L(0 - 150489) 
yield3S =  0.000030086 +/- 0.000029632 L(0 - 150489) 
