yield1S =  0.00000049714 +/- 0.00036800 L(0 - 156865) 
yield2S =  4.3858 +/- 6.7394 L(0 - 156865) 
yield3S =  13.467 +/- 7.3202 L(0 - 156865) 
