yield1S =  370.90 +/- 55.825 L(0 - 298983) 
yield2S =  0.0030260 +/- 0.0083730 L(0 - 298983) 
yield3S =  0.00047395 +/- 0.0051340 L(0 - 298983) 
