yield1S =  80.684 +/- 23.917 L(0 - 150489) 
yield2S =  0.0054734 +/- 0.10283 L(0 - 150489) 
yield3S =  0.000039535 +/- 0.00017314 L(0 - 150489) 
