yield1S =  3.1681 +/- 2.2347 L(0 - 150489) 
yield2S =  0.43166 +/- 3.1452 L(0 - 150489) 
yield3S =  0.0000071353 +/- 0.000035843 L(0 - 150489) 
