yield1S =  491.22 +/- 208.21 L(0 - 150489) 
yield2S =  0.65801 +/- 0.092978 L(0 - 150489) 
yield3S =  756.46 +/- 53.045 L(0 - 150489) 
