yield1S =  55.861 +/- 20.951 L(0 - 26927) 
yield2S =  19.794 +/- 16.469 L(0 - 26927) 
yield3S =  0.000018681 +/- 0.00012242 L(0 - 26927) 
