yield1S =  191.50 +/- 67.206 L(0 - 119050) 
yield2S =  56.914 +/- 43.192 L(0 - 119050) 
yield3S =  0.020435 +/- 0.51220 L(0 - 119050) 
