yield1S =  24.412 +/- 44.550 L(0 - 26927) 
yield2S =  11.926 +/- 14.817 L(0 - 26927) 
yield3S =  0.000015951 +/- 0.00066316 L(0 - 26927) 
