yield1S =  613.06 +/- 133.75 L(0 - 946827) 
yield2S =  11.245 +/- 59.634 L(0 - 946827) 
yield3S =  0.00040389 +/- 0.015624 L(0 - 946827) 
