yield1S =  168.56 +/- 29.611 L(0 - 233911) 
yield2S =  0.000060527 +/- 0.000066802 L(0 - 233911) 
yield3S =  0.0000 C L(-INF - +INF) 
