yield1S =  168.74 +/- 27.502 L(0 - 46868) 
yield2S =  30.691 +/- 18.560 L(0 - 46868) 
yield3S =  0.00018440 +/- 0.0012005 L(0 - 46868) 
