yield1S =  207.72 +/- 24.011 L(0 - 150489) 
yield2S =  18.601 +/- 13.621 L(0 - 150489) 
yield3S =  0.070157 +/- 0.31694 L(0 - 150489) 
