yield1S =  311.06 +/- 64.827 L(0 - 198908) 
yield2S =  11.546 +/- 36.461 L(0 - 198908) 
yield3S =  0.0016797 +/- 0.073484 L(0 - 198908) 
