yield1S =  272.89 +/- 46.190 L(0 - 275915) 
yield2S =  0.00050474 +/- 0.0062081 L(0 - 275915) 
yield3S =  28.879 +/- 36.567 L(0 - 275915) 
