yield1S =  226.74 +/- 70.801 L(0 - 223113) 
yield2S =  0.0023277 +/- 0.41591 L(0 - 223113) 
yield3S =  54.632 +/- 51.503 L(0 - 223113) 
