yield1S =  156.30 +/- 32.001 L(0 - 233911) 
yield2S =  0.0015261 +/- 0.017392 L(0 - 233911) 
yield3S =  0.0000 C L(-INF - +INF) 
