yield1S =  183.51 +/- 370.63 L(0 - 732863) 
yield2S =  0.0080085 +/- 0.027183 L(0 - 732863) 
yield3S =  0.000039552 +/- 0.25823 L(0 - 732863) 
