yield1S =  558.50 +/- 139.15 L(0 - 732863) 
yield2S =  0.000026872 +/- 0.00046547 L(0 - 732863) 
yield3S =  0.000074619 +/- 0.0011600 L(0 - 732863) 
