yield1S =  336.70 +/- 43.630 L(0 - 119050) 
yield2S =  35.996 +/- 24.004 L(0 - 119050) 
yield3S =  0.033195 +/- 0.33991 L(0 - 119050) 
