yield1S =  64.544 +/- 45.134 L(0 - 119050) 
yield2S =  0.000025930 +/- 0.00067670 L(0 - 119050) 
yield3S =  0.0000 C L(-INF - +INF) 
