yield1S =  38.032 +/- 17.048 L(0 - 26927) 
yield2S =  5.5413 +/- 7.6113 L(0 - 26927) 
yield3S =  0.00038480 +/- 0.0012774 L(0 - 26927) 
