yield1S =  108.40 +/- 19.475 L(0 - 46868) 
yield2S =  0.0011432 +/- 0.013931 L(0 - 46868) 
yield3S =  24.997 +/- 17.562 L(0 - 46868) 
