yield1S =  741.94 +/- 121.45 L(0 - 946827) 
yield2S =  5.5565 +/- 35.383 L(0 - 946827) 
yield3S =  0.00017112 +/- 0.0072772 L(0 - 946827) 
