yield1S =  128.88 +/- 27.894 L(0 - 198908) 
yield2S =  0.0000031923 +/- 0.0029681 L(0 - 198908) 
yield3S =  0.0000066486 +/- 0.00093939 L(0 - 198908) 
