yield1S =  177.30 +/- 43.627 L(0 - 578584) 
yield2S =  2.2996 +/- 37.040 L(0 - 578584) 
yield3S =  0.000036932 +/- 0.040570 L(0 - 578584) 
