yield1S =  1047.3 +/- 158.52 L(0 - 578584) 
yield2S =  0.020661 +/- 13809 L(0 - 578584) 
yield3S =  0.00038340 +/- 0.95506 L(0 - 578584) 
