yield1S =  0.00089828 +/- 0.00000000000012 L(0 - 142118) 
yield2S =  0.0000 C L(-INF - +INF) 
yield3S =  0.0000 C L(-INF - +INF) 
