yield1S =  231.75 +/- 46.110 L(0 - 578584) 
yield2S =  14.972 +/- 40.199 L(0 - 578584) 
yield3S =  0.0020615 +/- 0.85061 L(0 - 578584) 
