yield1S =  280.48 +/- 0.0058185 L(0 - 150489) 
yield2S =  193.33 +/- 0.0055462 L(0 - 150489) 
yield3S =  277.08 +/- 0.0062840 L(0 - 150489) 
