yield1S =  68.890 +/- 24.472 L(0 - 119050) 
yield2S =  0.00047801 +/- 0.00091062 L(0 - 119050) 
yield3S =  0.0013682 +/- 0.0028213 L(0 - 119050) 
