yield1S =  34.747 +/- 23.879 L(0 - 150489) 
yield2S =  0.050353 +/- 0.28877 L(0 - 150489) 
yield3S =  0.000030923 +/- 0.0012226 L(0 - 150489) 
