yield1S =  271.80 +/- 33.262 L(0 - 233911) 
yield2S =  0.00033698 +/- 0.0031231 L(0 - 233911) 
yield3S =  0.0000 C L(-INF - +INF) 
