yield1S =  55.764 +/- 18.972 L(0 - 119050) 
yield2S =  2.6612 +/- 11.714 L(0 - 119050) 
yield3S =  0.000010248 +/- 0.00096916 L(0 - 119050) 
