yield1S =  43.554 +/- 17.815 L(0 - 26927) 
yield2S =  0.0039955 +/- 0.080324 L(0 - 26927) 
yield3S =  3.2600 +/- 13.667 L(0 - 26927) 
