yield1S =  498.05 L(0 - 732863) 
yield2S =  0.0061313 L(0 - 732863) 
yield3S =  0.0023389 L(0 - 732863) 
