yield1S =  10.307 +/- 0.00050705 L(0 - 26927) 
yield2S =  8.8788 +/- 0.00052357 L(0 - 26927) 
yield3S =  18.710 +/- 0.00068370 L(0 - 26927) 
