yield1S =  460.66 +/- 141.46 L(0 - 150489) 
yield2S =  18.584 +/- 50.732 L(0 - 75244) 
yield3S =  0.0000083032 +/- 0.00079983 L(0 - 37622) 
