yield1S =  129.00 +/- 42.136 L(0 - 578584) 
yield2S =  9.2523 +/- 35.283 L(0 - 578584) 
yield3S =  0.000020279 +/- 0.00020622 L(0 - 578584) 
