yield1S =  250.93 +/- 5359.0 L(0 - 578584) 
yield2S =  0.0060852 +/- 60.981 L(0 - 578584) 
yield3S =  0.022823 +/- 1.3525 L(0 - 578584) 
