yield1S =  120.72 +/- 66.744 L(0 - 946827) 
yield2S =  0.0047779 +/- 0.098357 L(0 - 946827) 
yield3S =  20.114 +/- 58.470 L(0 - 946827) 
