yield1S =  68.200 +/- 26.453 L(0 - 119050) 
yield2S =  16.853 +/- 22.560 L(0 - 119050) 
yield3S =  0.00072577 +/- 0.0030657 L(0 - 119050) 
