yield1S =  275.56 +/- 40.452 L(0 - 298983) 
yield2S =  0.00012233 +/- 0.0095218 L(0 - 298983) 
yield3S =  0.0000 C L(-INF - +INF) 
