yield1S =  0.0000021559 +/- 0.00000076254 L(0 - 150489) 
yield2S =  0.69397 +/- 1.1728 L(0 - 150489) 
yield3S =  3.5308 +/- 3.0345 L(0 - 150489) 
