yield1S =  116.98 +/- 56.893 L(0 - 219125) 
yield2S =  33.992 +/- 27.235 L(0 - 219125) 
yield3S =  0.00015832 +/- 0.0070943 L(0 - 219125) 
