yield1S =  0.000099374 L(0 - 119050) 
yield2S =  0.00014231 L(0 - 119050) 
yield3S =  0.0000 C L(-INF - +INF) 
