yield1S =  22.837 +/- 23.127 L(0 - 150489) 
yield2S =  9.7375 +/- 21.077 L(0 - 150489) 
yield3S =  0.0000088578 +/- 0.00041770 L(0 - 150489) 
