yield1S =  911.99 +/- 102.18 L(0 - 946827) 
yield2S =  9.7711 +/- 27.134 L(0 - 946827) 
yield3S =  0.0011325 +/- 0.012297 L(0 - 946827) 
