yield1S =  98.128 +/- 39.436 L(0 - 119050) 
yield2S =  0.00025277 +/- 0.00027165 L(0 - 119050) 
yield3S =  0.042149 +/- 0.28931 L(0 - 119050) 
