yield1S =  85.698 +/- 17.870 L(0 - 10926) 
yield2S =  11.688 +/- 8.0241 L(0 - 10926) 
yield3S =  0.00041030 +/- 0.0029281 L(0 - 10926) 
