yield1S =  44.642 +/- 10.805 L(0 - 26927) 
yield2S =  5.2857 +/- 8.4350 L(0 - 26927) 
yield3S =  0.0038270 +/- 0.045329 L(0 - 26927) 
