yield1S =  194.21 +/- 129.42 L(0 - 578584) 
yield2S =  0.000053732 +/- 0.0042279 L(0 - 578584) 
yield3S =  18.569 +/- 87.581 L(0 - 578584) 
