yield1S =  176.68 +/- 3620.6 L(0 - 119050) 
yield2S =  0.0045519 +/- 0.0039633 L(0 - 119050) 
yield3S =  0.016570 +/- 66.556 L(0 - 119050) 
