yield1S =  59.930 +/- 29.677 L(0 - 26927) 
yield2S =  13.375 +/- 9.9765 L(0 - 26927) 
yield3S =  0.00034813 +/- 0.031507 L(0 - 26927) 
