yield1S =  72.472 +/- 12.113 L(0 - 26927) 
yield2S =  14.819 +/- 6.8230 L(0 - 26927) 
yield3S =  0.0074740 +/- 0.36297 L(0 - 26927) 
