yield1S =  35.815 +/- 16.048 L(0 - 26927) 
yield2S =  0.00093183 +/- 0.063491 L(0 - 26927) 
yield3S =  0.0089675 +/- 0.095818 L(0 - 26927) 
