yield1S =  592.49 +/- 76.623 L(0 - 946827) 
yield2S =  0.0000081715 +/- 0.000023047 L(0 - 946827) 
yield3S =  0.00013200 +/- 0.000059339 L(0 - 946827) 
