yield1S =  119.21 +/- 55.256 L(0 - 142118) 
yield2S =  30.418 +/- 57.127 L(0 - 142118) 
yield3S =  0.00077600 +/- 0.0035615 L(0 - 142118) 
