yield1S =  911.35 +/- 119.23 L(0 - 142118) 
yield2S =  0.0000012507 +/- 0.00029746 L(0 - 142118) 
yield3S =  0.000000036582 +/- 0.000093146 L(0 - 142118) 
