yield1S =  167.56 +/- 64.265 L(0 - 275915) 
yield2S =  16.182 +/- 33.243 L(0 - 275915) 
yield3S =  0.000068739 +/- 0.00036044 L(0 - 275915) 
