yield1S =  97.114 +/- 18.110 L(0 - 119050) 
yield2S =  0.000033407 +/- 0.000019852 L(0 - 119050) 
yield3S =  0.0000 C L(-INF - +INF) 
