yield1S =  176.53 +/- 38.413 L(0 - 156865) 
yield2S =  0.00032986 +/- 0.0014115 L(0 - 156865) 
yield3S =  20.795 +/- 23.056 L(0 - 156865) 
