yield1S =  0.99620 +/- 0.020086 L(0 - 140036) 
yield2S =  0.0000 C L(-INF - +INF) 
yield3S =  0.0000 C L(-INF - +INF) 
