yield1S =  387.06 +/- 149.43 L(0 - 140036) 
yield2S =  0.0000023811 +/- 0.00043585 L(0 - 140036) 
yield3S =  0.00000042346 +/- 0.00021195 L(0 - 140036) 
