yield1S =  717.17 +/- 101.32 L(0 - 732863) 
yield2S =  0.00044284 +/- 0.0011897 L(0 - 732863) 
yield3S =  0.00023337 +/- 0.00076597 L(0 - 732863) 
