yield1S =  661.76 +/- 63.779 L(0 - 140036) 
yield2S =  74.489 +/- 34.236 L(0 - 140036) 
yield3S =  0.010874 +/- 0.34050 L(0 - 140036) 
