yield1S =  32.156 +/- 10.715 L(0 - 46868) 
yield2S =  0.84142 +/- 8.3004 L(0 - 46868) 
yield3S =  0.0000090086 +/- 0.000058838 L(0 - 46868) 
