yield1S =  101.32 +/- 21.618 L(0 - 119050) 
yield2S =  0.00063808 +/- 0.0016414 L(0 - 119050) 
yield3S =  0.0000 C L(-INF - +INF) 
