yield1S =  114.37 +/- 23.522 L(0 - 33807) 
yield2S =  9.6551 +/- 11.748 L(0 - 33807) 
yield3S =  0.0000000070337 +/- 0.000012289 L(0 - 33807) 
