yield1S =  195.64 +/- 33.296 L(0 - 142118) 
yield2S =  73.759 +/- 34.389 L(0 - 142118) 
yield3S =  0.0000015279 +/- 0.00041308 L(0 - 142118) 
