yield1S =  36.673 +/- 13.584 L(0 - 26927) 
yield2S =  0.0036659 +/- 0.011347 L(0 - 26927) 
yield3S =  5.1984 +/- 17.877 L(0 - 26927) 
