yield1S =  106.73 +/- 23.471 L(0 - 298983) 
yield2S =  0.0000052920 +/- 0.000057297 L(0 - 298983) 
yield3S =  0.0000 C L(-INF - +INF) 
