yield1S =  172.90 +/- 39.585 L(0 - 150489) 
yield2S =  0.0081973 +/- 0.015580 L(0 - 150489) 
yield3S =  0.022713 +/- 0.10400 L(0 - 150489) 
