yield1S =  60.306 +/- 13.952 L(0 - 26927) 
yield2S =  0.0054923 +/- 0.047255 L(0 - 26927) 
yield3S =  8.9657 +/- 15.251 L(0 - 26927) 
