yield1S =  0.039585 +/- 0.031301 L(0 - 150489) 
yield2S =  0.0018732 +/- 0.00034001 L(0 - 150489) 
yield3S =  0.0012178 +/- 0.00060583 L(0 - 150489) 
