yield1S =  249.47 +/- 25.222 L(0 - 119050) 
yield2S =  0.000028174 +/- 0.000035924 L(0 - 119050) 
yield3S =  0.0000 C L(-INF - +INF) 
