yield1S =  93.663 +/- 27.462 L(0 - 119050) 
yield2S =  0.000070116 +/- 0.00015163 L(0 - 119050) 
yield3S =  0.00000027586 +/- 0.000022882 L(0 - 119050) 
