yield1S =  823.88 +/- 69.791 L(0 - 31243) 
yield2S =  0.0023399 +/-  (-0.0023, 36.3082) L(0 - 31243) 
yield3S =  0.0015661 +/- 36.637 L(0 - 31243) 
