yield1S =  258.09 +/- 44.773 L(0 - 298983) 
yield2S =  60.175 +/- 36.447 L(0 - 298983) 
yield3S =  0.0025952 +/- 0.0078673 L(0 - 298983) 
