yield1S =  804.46 +/- 64.024 L(0 - 578584) 
yield2S =  130.34 +/- 37.937 L(0 - 578584) 
yield3S =  0.00025690 +/- 0.00078516 L(0 - 578584) 
