yield1S =  1300.5 +/- 66.133 L(0 - 578584) 
yield2S =  82.718 +/- 29.880 L(0 - 578584) 
yield3S =  0.082535 +/- 0.78425 L(0 - 578584) 
