yield1S =  1086.0 +/- 0.011181 L(0 - 578584) 
yield2S =  259.85 +/- 0.0087666 L(0 - 578584) 
yield3S =  1241.8 +/- 0.011820 L(0 - 578584) 
