yield1S =  540.69 +/- 51.271 L(0 - 119050) 
yield2S =  46.522 +/- 26.627 L(0 - 119050) 
yield3S =  0.00039937 +/- 0.022325 L(0 - 119050) 
