yield1S =  1103.3 +/- 67.293 L(0 - 578584) 
yield2S =  48.345 +/- 30.947 L(0 - 578584) 
yield3S =  0.0032946 +/- 0.017687 L(0 - 578584) 
