yield1S =  227.41 +/- 24.555 L(0 - 119050) 
yield2S =  0.0000039289 +/- 0.0000045219 L(0 - 119050) 
yield3S =  0.0000 C L(-INF - +INF) 
