yield1S =  373.87 +/- 43.078 L(0 - 233911) 
yield2S =  0.00016283 +/- 0.00041088 L(0 - 233911) 
yield3S =  0.0000 C L(-INF - +INF) 
