yield1S =  214.15 +/- 23.557 L(0 - 150489) 
yield2S =  0.0000054410 +/- 0.0025815 L(0 - 150489) 
yield3S =  8.2762 +/- 9.7492 L(0 - 150489) 
