yield1S =  0.000000072591 +/- 0.000018877 L(0 - 26927) 
yield2S =  4.5067 +/- 4.0445 L(0 - 26927) 
yield3S =  0.0000015532 +/- 0.0000023203 L(0 - 26927) 
