yield1S =  83.498 +/- 26.586 L(0 - 142118) 
yield2S =  0.00030092 +/- 0.058073 L(0 - 142118) 
yield3S =  12.561 +/- 23.586 L(0 - 142118) 
