yield1S =  119.67 +/- 0.00015653 L(0 - 33807) 
yield2S =  64.922 +/- 0.00066562 L(0 - 33807) 
yield3S =  0.0000 C L(-INF - +INF) 
