yield1S =  124.17 +/- 20.851 L(0 - 33807) 
yield2S =  36.199 +/- 14.278 L(0 - 33807) 
yield3S =  0.00095526 +/- 0.0084866 L(0 - 33807) 
