yield1S =  50.772 +/- 19.954 L(0 - 46868) 
yield2S =  0.000013150 +/- 0.000057610 L(0 - 46868) 
yield3S =  0.0000059804 +/- 0.00038174 L(0 - 46868) 
