yield1S =  72.255 +/- 39.057 L(0 - 119050) 
yield2S =  0.000018144 +/- 0.00018738 L(0 - 119050) 
yield3S =  0.0000 C L(-INF - +INF) 
