yield1S =  175.64 +/- 23.688 L(0 - 26927) 
yield2S =  24.074 +/- 12.681 L(0 - 26927) 
yield3S =  0.0010929 +/- 0.0039760 L(0 - 26927) 
