yield1S =  13.874 +/- 2327772 L(0 - 119050) 
yield2S =  0.028725 +/- 0.89876 L(0 - 119050) 
yield3S =  0.0000 C L(-INF - +INF) 
