yield1S =  374.59 +/- 46.121 L(0 - 119050) 
yield2S =  30.301 +/- 23.344 L(0 - 119050) 
yield3S =  0.0025251 +/- 0.090354 L(0 - 119050) 
