yield1S =  574.12 +/- 57.147 L(0 - 223113) 
yield2S =  22.987 +/- 25.450 L(0 - 223113) 
yield3S =  0.00033825 +/- 0.0021869 L(0 - 223113) 
