yield1S =  1021.6 +/- 127.98 L(0 - 142118) 
yield2S =  103.56 +/- 49.361 L(0 - 142118) 
yield3S =  0.0013010 +/- 0.017084 L(0 - 142118) 
