yield1S =  671.09 +/- 73.053 L(0 - 732863) 
yield2S =  0.000000091901 +/- 0.000013384 L(0 - 732863) 
yield3S =  0.00016701 +/- 0.00055882 L(0 - 732863) 
