yield1S =  78.642 +/- 15.524 L(0 - 33807) 
yield2S =  0.000033444 +/- 0.00075241 L(0 - 33807) 
yield3S =  15.194 +/- 14.877 L(0 - 33807) 
