yield1S =  202.10 +/- 49.390 L(0 - 142118) 
yield2S =  0.00036803 +/- 0.0013942 L(0 - 142118) 
yield3S =  0.65083 +/- 4.5535 L(0 - 142118) 
