yield1S =  563.10 +/- 74.109 L(0 - 223113) 
yield2S =  0.0031522 +/- 0.012152 L(0 - 223113) 
yield3S =  59.847 +/- 28.962 L(0 - 223113) 
