yield1S =  373.95 +/- 50.779 L(0 - 298983) 
yield2S =  74.935 +/- 33.512 L(0 - 298983) 
yield3S =  0.031782 +/- 0.20400 L(0 - 298983) 
