yield1S =  36750 +/- 600.57 L(0 - 1.58663e+06) 
yield2S =  3595.0 +/- 343.44 L(0 - 1.58663e+06) 
yield3S =  261.59 +/- 116.45 L(0 - 1.58663e+06) 
