yield1S =  250.22 +/- 33.631 L(0 - 150489) 
yield2S =  28.903 +/- 14.061 L(0 - 150489) 
yield3S =  0.0019090 +/- 0.0042429 L(0 - 150489) 
