yield1S =  0.00000000000661 +/- 0.00000089994 L(0 - 119050) 
yield2S =  46.019 +/- 37.710 L(0 - 119050) 
yield3S =  0.0000 C L(-INF - +INF) 
