yield1S =  0.00000000001660 +/- 0.0000000031242 L(0 - 298983) 
yield2S =  9.0353 +/- 7.6222 L(0 - 298983) 
yield3S =  0.0000 C L(-INF - +INF) 
