yield1S =  34.081 +/- 12.940 L(0 - 46868) 
yield2S =  1.3091 +/- 9.6198 L(0 - 46868) 
yield3S =  0.00000031035 +/- 0.000076412 L(0 - 46868) 
