yield1S =  0.00000047893 L(0 - 26927) 
yield2S =  0.0000077153 L(0 - 26927) 
yield3S =  0.0000016539 L(0 - 26927) 
