yield1S =  1.2916 +/- 0.0077274 L(0 - 150489) 
yield2S =  2.6864 +/- 0.11064 L(0 - 150489) 
yield3S =  5.4790 +/- 1.6937 L(0 - 150489) 
