yield1S =  1700.6 +/- 92.635 L(0 - 732863) 
yield2S =  0.0039492 +/- 0.010019 L(0 - 732863) 
yield3S =  0.0097355 +/- 0.0083618 L(0 - 732863) 
