yield1S =  238.59 +/- 34.244 L(0 - 233911) 
yield2S =  0.0030307 +/- 0.014040 L(0 - 233911) 
yield3S =  0.0000 C L(-INF - +INF) 
