yield1S =  0.000000066171 +/- 0.00000013526 L(0 - 150489) 
yield2S =  0.000047319 +/- 0.000020134 L(0 - 150489) 
yield3S =  63.134 +/- 14.166 L(0 - 150489) 
