yield1S =  346.64 +/- 74.687 L(0 - 140036) 
yield2S =  0.00016462 +/- 0.0017770 L(0 - 140036) 
yield3S =  0.00045087 +/- 0.0035538 L(0 - 140036) 
