yield1S =  94682 +/- 0.33653 L(0 - 946827) 
yield2S =  23670 +/- 0.13862 L(0 - 946827) 
yield3S =  0.0000 C L(-INF - +INF) 
