yield1S =  160.56 +/- 21.338 L(0 - 26927) 
yield2S =  37.277 +/- 12.895 L(0 - 26927) 
yield3S =  0.016343 +/- 0.083384 L(0 - 26927) 
