yield1S =  56.751 +/- 23.284 L(0 - 150489) 
yield2S =  0.0013622 +/- 0.13472 L(0 - 150489) 
yield3S =  0.00026702 +/- 0.035898 L(0 - 150489) 
