yield1S =  336.46 +/- 56.004 L(0 - 150489) 
yield2S =  69.364 +/- 47.922 L(0 - 150489) 
yield3S =  0.010282 +/- 0.037621 L(0 - 150489) 
