yield1S =  149.46 +/- 34.533 L(0 - 142118) 
yield2S =  29.910 +/- 30.578 L(0 - 142118) 
yield3S =  0.0036218 +/- 0.0094339 L(0 - 142118) 
