yield1S =  25.888 +/- 13.283 L(0 - 150489) 
yield2S =  21.854 +/- 13.560 L(0 - 150489) 
yield3S =  0.00010358 +/- 0.0013368 L(0 - 150489) 
