yield1S =  75.784 +/- 17.207 L(0 - 33807) 
yield2S =  17.726 +/- 9.9910 L(0 - 33807) 
yield3S =  0.00010129 +/- 0.00040130 L(0 - 33807) 
