yield1S =  0.00016353 +/- 0.039559 L(0 - 298983) 
yield2S =  0.000064805 +/- 0.26161 L(0 - 298983) 
yield3S =  0.0000 C L(-INF - +INF) 
