yield1S =  49.877 +/- 20.836 L(0 - 198908) 
yield2S =  0.00038104 +/- 0.0012433 L(0 - 198908) 
yield3S =  0.000034093 +/- 0.00041077 L(0 - 198908) 
