yield1S =  905.83 +/- 87.934 L(0 - 732863) 
yield2S =  0.0000027462 +/- 0.000073093 L(0 - 732863) 
yield3S =  0.0018609 +/- 0.0024152 L(0 - 732863) 
