yield1S =  0.00010482 L(0 - 233911) 
yield2S =  0.000010087 L(0 - 233911) 
yield3S =  0.0000 C L(-INF - +INF) 
