yield1S =  149.42 +/- 40.466 L(0 - 150489) 
yield2S =  58.585 +/- 29.512 L(0 - 150489) 
yield3S =  0.00034978 +/- 0.013287 L(0 - 150489) 
