yield1S =  57.910 +/- 20.930 L(0 - 298983) 
yield2S =  7.5647 +/- 34.376 L(0 - 298983) 
yield3S =  0.000024667 +/- 0.0023972 L(0 - 298983) 
