yield1S =  41.616 +/- 24.219 L(0 - 150489) 
yield2S =  0.0000032016 +/- 0.000063718 L(0 - 150489) 
yield3S =  13.832 +/- 30.026 L(0 - 150489) 
