yield1S =  0.0000084107 +/- 0.00000058261 L(0 - 150489) 
yield2S =  0.0012326 +/- 0.00023595 L(0 - 75244) 
yield3S =  7.9880 +/- 0.91802 L(0 - 37622) 
