yield1S =  90.730 +/- 0.0017794 L(0 - 10926) 
yield2S =  31.267 +/- 0.0013216 L(0 - 10926) 
yield3S =  74.015 +/- 0.0017114 L(0 - 10926) 
