yield1S =  44.133 +/- 117.78 L(0 - 119050) 
yield2S =  0.0011155 +/- 0.027519 L(0 - 119050) 
yield3S =  0.0000 C L(-INF - +INF) 
