yield1S =  0.0047830 +/- 0.000018423 L(0 - 290525) 
yield2S =  0.0011721 +/- 0.00025520 L(0 - 290525) 
yield3S =  0.0000 C L(-INF - +INF) 
