yield1S =  162.17 L(0 - 140036) 
yield2S =  0.00088681 L(0 - 140036) 
yield3S =  0.0000079453 L(0 - 140036) 
