yield1S =  180.88 +/- 56.177 L(0 - 26927) 
yield2S =  6.2580 +/- 36.527 L(0 - 26927) 
yield3S =  0.0011380 +/- 0.054916 L(0 - 26927) 
