yield1S =  1.5172 +/- 4.4031 L(0 - 33807) 
yield2S =  0.25156 +/- 0.37037 L(0 - 33807) 
yield3S =  0.0000 C L(-INF - +INF) 
