yield1S =  109.56 +/- 20.134 L(0 - 33807) 
yield2S =  8.3208 +/- 10.295 L(0 - 33807) 
yield3S =  0.000089896 +/- 0.0036878 L(0 - 33807) 
