yield1S =  697.60 +/- 81.151 L(0 - 140036) 
yield2S =  64.130 +/- 33.629 L(0 - 140036) 
yield3S =  0.0089213 +/- 0.72009 L(0 - 140036) 
