yield1S =  476.83 +/- 238.70 L(0 - 140036) 
yield2S =  0.000017229 +/- 0.11028 L(0 - 140036) 
yield3S =  1.3905 +/- 13257 L(0 - 140036) 
