yield1S =  538.07 +/- 181.02 L(0 - 223113) 
yield2S =  56.631 +/- 53.092 L(0 - 223113) 
yield3S =  0.000051582 +/- 0.00049562 L(0 - 223113) 
