yield1S =  61.994 +/- 18.645 L(0 - 156865) 
yield2S =  0.0000065510 +/- 0.00015451 L(0 - 156865) 
yield3S =  1.7267 +/- 11.225 L(0 - 156865) 
