yield1S =  53.922 +/- 26.943 L(0 - 290525) 
yield2S =  0.047453 +/- 5.1268 L(0 - 290525) 
yield3S =  0.00019896 +/- 0.0049545 L(0 - 290525) 
