yield1S =  96.878 +/- 27.433 L(0 - 156865) 
yield2S =  7.8891 +/- 27.737 L(0 - 156865) 
yield3S =  0.0010105 +/- 0.0026961 L(0 - 156865) 
