yield1S =  137.38 +/- 51.754 L(0 - 119050) 
yield2S =  22.681 +/- 35.736 L(0 - 119050) 
yield3S =  0.00089378 +/- 0.0031608 L(0 - 119050) 
