yield1S =  39.331 +/- 19.105 L(0 - 26927) 
yield2S =  0.00000000019282 +/- 0.0000014663 L(0 - 26927) 
yield3S =  0.0000000013258 +/- 0.0000060458 L(0 - 26927) 
