yield1S =  91.400 +/- 45.273 L(0 - 142118) 
yield2S =  0.0013464 +/- 0.041964 L(0 - 142118) 
yield3S =  0.0000069950 +/- 0.00011529 L(0 - 142118) 
