yield1S =  100.40 +/- 32.468 L(0 - 198908) 
yield2S =  0.0000030238 +/- 0.00052408 L(0 - 198908) 
yield3S =  0.00016340 +/- 0.0054233 L(0 - 198908) 
