yield1S =  0.000000020834 +/- 0.0000000018070 L(0 - 150489) 
yield2S =  0.000066024 +/- 0.0000068553 L(0 - 150489) 
yield3S =  0.65459 +/- 25.641 L(0 - 150489) 
