yield1S =  0.0000000096764 +/- 0.00000000001090 L(0 - 290525) 
yield2S =  0.0000010194 +/- 0.0000000036982 L(0 - 290525) 
yield3S =  0.0000 C L(-INF - +INF) 
