yield1S =  159.99 +/- 48.530 L(0 - 119050) 
yield2S =  0.0060025 +/- 0.0072703 L(0 - 119050) 
yield3S =  4.4324 +/- 76.168 L(0 - 119050) 
