yield1S =  417.82 +/- 38.785 L(0 - 119050) 
yield2S =  28.854 +/- 19.353 L(0 - 119050) 
yield3S =  0.00063603 +/- 0.0012951 L(0 - 119050) 
