yield1S =  1.2954 +/- 153.51 L(0 - 150489) 
yield2S =  23.071 +/- 104.90 L(0 - 150489) 
yield3S =  0.0000000033165 +/- 0.000020431 L(0 - 150489) 
