yield1S =  0.000018608 +/- 0.00000000055959 L(0 - 150489) 
yield2S =  0.00013433 +/- 0.00000000001351 L(0 - 150489) 
yield3S =  0.00032808 +/- 0.00000000059104 L(0 - 150489) 
