yield1S =  0.093982 L(0 - 150489) 
yield2S =  0.079460 L(0 - 150489) 
yield3S =  7.2270 L(0 - 150489) 
