yield1S =  26.174 +/- 28.884 L(0 - 150489) 
yield2S =  0.097750 +/- 1.1564 L(0 - 150489) 
yield3S =  0.031657 +/- 1.9413 L(0 - 150489) 
