yield1S =  121.60 +/- 20.938 L(0 - 26927) 
yield2S =  13.849 +/- 12.494 L(0 - 26927) 
yield3S =  0.0025919 +/- 0.014323 L(0 - 26927) 
