yield1S =  47.598 +/- 26.345 L(0 - 150489) 
yield2S =  0.021465 +/- 0.42071 L(0 - 150489) 
yield3S =  34.978 +/- 16.836 L(0 - 150489) 
