yield1S =  0.000017607 L(0 - 150489) 
yield2S =  0.000011031 L(0 - 150489) 
yield3S =  89.165 L(0 - 150489) 
