yield1S =  24.609 +/- 9.6487 L(0 - 119050) 
yield2S =  0.000000074162 +/- 0.0000020388 L(0 - 119050) 
yield3S =  0.0000 C L(-INF - +INF) 
