yield1S =  584.09 +/- 108.02 L(0 - 140036) 
yield2S =  37.430 +/- 36.735 L(0 - 140036) 
yield3S =  0.012209 +/- 0.11629 L(0 - 140036) 
