yield1S =  667.05 +/- 59.627 L(0 - 732863) 
yield2S =  0.00034402 +/- 0.00062070 L(0 - 732863) 
yield3S =  0.0014556 +/- 0.0032629 L(0 - 732863) 
