yield1S =  1175.2 +/- 0.0019210 L(0 - 26927) 
yield2S =  328.88 +/- 0.00092654 L(0 - 26927) 
yield3S =  148.00 +/- 0.00092980 L(0 - 26927) 
