yield1S =  213.48 +/- 70.469 L(0 - 732863) 
yield2S =  51.765 +/- 62.482 L(0 - 732863) 
yield3S =  0.00010714 +/- 0.017301 L(0 - 732863) 
