yield1S =  112.99 +/- 46.969 L(0 - 150489) 
yield2S =  0.000078325 +/- 0.00053444 L(0 - 150489) 
yield3S =  0.00000060843 +/- 0.000090910 L(0 - 150489) 
