yield1S =  383.40 +/- 41.714 L(0 - 290525) 
yield2S =  31.506 +/- 29.336 L(0 - 290525) 
yield3S =  0.0032366 +/- 0.012357 L(0 - 290525) 
