yield1S =  911.90 +/- 57.143 L(0 - 150489) 
yield2S =  81.717 +/- 33.625 L(0 - 150489) 
yield3S =  0.00018972 +/- 0.075709 L(0 - 150489) 
