yield1S =  143.26 +/- 18.485 L(0 - 33807) 
yield2S =  0.0039391 +/- 0.032399 L(0 - 33807) 
yield3S =  0.0000 C L(-INF - +INF) 
