yield1S =  1087.3 +/- 92.523 L(0 - 732863) 
yield2S =  0.0000093089 +/- 0.000064087 L(0 - 732863) 
yield3S =  0.0000011630 +/- 0.000017404 L(0 - 732863) 
