yield1S =  520.42 +/- 86.649 L(0 - 223113) 
yield2S =  56.781 +/- 32.738 L(0 - 223113) 
yield3S =  0.0028989 +/- 0.020537 L(0 - 223113) 
