yield1S =  0.029288 L(0 - 140036) 
yield2S =  0.022280 L(0 - 140036) 
yield3S =  0.038442 L(0 - 140036) 
