yield1S =  69.071 +/- 39.980 L(0 - 119050) 
yield2S =  0.0073643 +/- 0.068479 L(0 - 119050) 
yield3S =  0.00015317 +/- 0.00034871 L(0 - 119050) 
