yield1S =  1138.4 +/- 70.101 L(0 - 578584) 
yield2S =  27.129 +/- 32.040 L(0 - 578584) 
yield3S =  0.0091543 +/- 0.059403 L(0 - 578584) 
