yield1S =  199.81 +/- 39.995 L(0 - 46868) 
yield2S =  24.548 +/- 29.456 L(0 - 46868) 
yield3S =  0.00010715 +/- 0.0082554 L(0 - 46868) 
