yield1S =  223.76 +/- 30.665 L(0 - 119050) 
yield2S =  0.0000011946 +/- 0.00027649 L(0 - 119050) 
yield3S =  0.0000 C L(-INF - +INF) 
