yield1S =  83.352 +/- 113.40 L(0 - 732863) 
yield2S =  0.00069476 +/- 0.13274 L(0 - 732863) 
yield3S =  106.19 +/- 121.44 L(0 - 732863) 
