yield1S =  70.428 +/- 61.118 L(0 - 150489) 
yield2S =  0.0023778 +/- 0.16846 L(0 - 150489) 
yield3S =  30.506 +/- 48.847 L(0 - 150489) 
