yield1S =  66.117 +/- 11.460 L(0 - 26927) 
yield2S =  0.00021047 +/- 0.0021568 L(0 - 26927) 
yield3S =  1.5907 +/- 4.5578 L(0 - 26927) 
