yield1S =  346.71 +/- 67.727 L(0 - 140036) 
yield2S =  0.0000070335 +/- 0.0016804 L(0 - 140036) 
yield3S =  0.0000 C L(-INF - +INF) 
