yield1S =  213.06 +/- 50.300 L(0 - 150489) 
yield2S =  0.0030968 +/- 0.011909 L(0 - 150489) 
yield3S =  0.0022854 +/- 0.096326 L(0 - 150489) 
