yield1S =  123.14 +/- 26.889 L(0 - 150489) 
yield2S =  0.000035317 +/- 0.00010547 L(0 - 150489) 
yield3S =  0.000000014360 +/- 0.0000037004 L(0 - 150489) 
