yield1S =  1133.5 +/- 154.65 L(0 - 119050) 
yield2S =  96.602 +/- 60.452 L(0 - 119050) 
yield3S =  0.0000014985 +/- 0.00098740 L(0 - 119050) 
