yield1S =  433.54 +/- 73.455 L(0 - 578584) 
yield2S =  0.017799 +/- 0.12182 L(0 - 578584) 
yield3S =  0.0011637 +/- 0.0050608 L(0 - 578584) 
