yield1S =  276.76 +/- 49.667 L(0 - 219125) 
yield2S =  31.515 +/- 34.409 L(0 - 219125) 
yield3S =  0.0044665 +/- 0.024838 L(0 - 219125) 
