yield1S =  1185.1 +/- 147.71 L(0 - 290525) 
yield2S =  51.619 +/- 54.406 L(0 - 290525) 
yield3S =  0.0027673 +/- 0.056815 L(0 - 290525) 
