yield1S =  76.751 +/- 21.898 L(0 - 119050) 
yield2S =  0.0013479 +/- 0.0041642 L(0 - 119050) 
yield3S =  0.000014855 +/- 0.00022903 L(0 - 119050) 
