yield1S =  397.87 +/- 40.660 L(0 - 290525) 
yield2S =  7.3171 +/- 33.795 L(0 - 290525) 
yield3S =  0.000000052495 +/- 0.0000087826 L(0 - 290525) 
