yield1S =  141.95 +/- 44.366 L(0 - 150489) 
yield2S =  0.32248 +/- 1.3544 L(0 - 150489) 
yield3S =  0.0021192 +/- 0.0076930 L(0 - 150489) 
