yield1S =  0.060002 +/- 0.00000000000003 L(0 - 150489) 
yield2S =  0.045933 +/- 0.0000000098768 L(0 - 150489) 
yield3S =  2.9138 +/- 0.00000078828 L(0 - 150489) 
