yield1S =  325.14 +/- 82.772 L(0 - 578584) 
yield2S =  0.00045969 +/- 0.0011107 L(0 - 578584) 
yield3S =  0.000013925 +/- 0.0080805 L(0 - 578584) 
