yield1S =  670.40 +/- 119.47 L(0 - 140036) 
yield2S =  97.697 +/- 41.097 L(0 - 140036) 
yield3S =  0.0011817 +/- 0.13732 L(0 - 140036) 
