yield1S =  19.910 +/- 6.4499 L(0 - 26927) 
yield2S =  0.0000047087 +/- 0.00010701 L(0 - 26927) 
yield3S =  2.7732 +/- 8.8752 L(0 - 26927) 
