yield1S =  198.36 +/- 37.130 L(0 - 233911) 
yield2S =  0.00010591 +/- 0.00014497 L(0 - 233911) 
yield3S =  0.0000 C L(-INF - +INF) 
