yield1S =  0.000024425 L(0 - 223113) 
yield2S =  0.00000096201 L(0 - 223113) 
yield3S =  0.00000018854 L(0 - 223113) 
