yield1S =  0.000038417 L(0 - 140036) 
yield2S =  0.000040894 L(0 - 140036) 
yield3S =  1.4171 L(0 - 140036) 
