yield1S =  245.16 +/- 62.101 L(0 - 223113) 
yield2S =  0.00000020520 +/- 0.000047782 L(0 - 223113) 
yield3S =  28.454 +/- 101.93 L(0 - 223113) 
