yield1S =  245.73 +/- 25.044 L(0 - 119050) 
yield2S =  0.0032646 +/- 0.0024019 L(0 - 119050) 
yield3S =  0.0000 C L(-INF - +INF) 
