yield1S =  0.00000064481 +/- 0.0000019619 L(0 - 219125) 
yield2S =  3.4438 +/- 4.2651 L(0 - 219125) 
yield3S =  13.832 +/- 6.3062 L(0 - 219125) 
