yield1S =  598.83 +/- 50.601 L(0 - 119050) 
yield2S =  53.559 +/- 27.871 L(0 - 119050) 
yield3S =  0.000075468 +/- 0.0039984 L(0 - 119050) 
