yield1S =  887.27 +/- 73.259 L(0 - 578584) 
yield2S =  48.540 +/- 38.697 L(0 - 578584) 
yield3S =  0.013973 +/- 0.076703 L(0 - 578584) 
