yield1S =  440.86 +/- 46.287 L(0 - 150489) 
yield2S =  43.824 +/- 27.275 L(0 - 150489) 
yield3S =  0.0029340 +/- 0.0063835 L(0 - 150489) 
