yield1S =  205.19 +/- 39.426 L(0 - 119050) 
yield2S =  0.052618 +/- 0.46280 L(0 - 119050) 
yield3S =  0.0000 C L(-INF - +INF) 
