yield1S =  0.49194 +/- 0.00000000008198 L(0 - 26927) 
yield2S =  0.99231 +/- 0.00000016863 L(0 - 26927) 
yield3S =  1.6032 +/- 0.00000024023 L(0 - 26927) 
