yield1S =  355.47 +/- 33.945 L(0 - 150489) 
yield2S =  35.149 +/- 16.813 L(0 - 150489) 
yield3S =  0.0000024686 +/- 0.00058641 L(0 - 150489) 
