yield1S =  88.368 +/- 78.468 L(0 - 150489) 
yield2S =  0.0000070494 +/- 0.0016681 L(0 - 150489) 
yield3S =  0.000000048711 +/- 0.000067085 L(0 - 150489) 
