yield1S =  116.67 +/- 81.523 L(0 - 119050) 
yield2S =  0.000016912 +/- 0.0048256 L(0 - 119050) 
yield3S =  0.000039344 +/- 0.0019888 L(0 - 119050) 
