yield1S =  35.511 +/- 17.215 L(0 - 10926) 
yield2S =  0.000034945 +/- 0.00072641 L(0 - 10926) 
yield3S =  5.7953 +/- 17.752 L(0 - 10926) 
