yield1S =  152.84 +/- 31.342 L(0 - 275915) 
yield2S =  0.00068773 +/- 0.046362 L(0 - 275915) 
yield3S =  0.0000060714 +/- 0.0023624 L(0 - 275915) 
