yield1S =  46.353 +/- 15.420 L(0 - 119050) 
yield2S =  0.000073323 +/- 0.00042145 L(0 - 119050) 
yield3S =  0.0000 C L(-INF - +INF) 
