yield1S =  158.98 +/- 52.790 L(0 - 233911) 
yield2S =  0.000018786 +/- 0.00017023 L(0 - 233911) 
yield3S =  0.0000 C L(-INF - +INF) 
