yield1S =  138.76 +/- 113.57 L(0 - 150489) 
yield2S =  0.010308 +/- 0.33226 L(0 - 150489) 
yield3S =  0.000018590 +/- 0.0022277 L(0 - 150489) 
