yield1S =  146.07 +/- 92.294 L(0 - 578584) 
yield2S =  0.000017416 +/- 0.0064610 L(0 - 578584) 
yield3S =  0.000027454 +/- 0.0022841 L(0 - 578584) 
