yield1S =  793.49 +/- 90.003 L(0 - 732863) 
yield2S =  0.000036293 +/- 0.00017277 L(0 - 732863) 
yield3S =  0.00012347 +/- 0.0012846 L(0 - 732863) 
