yield1S =  363.54 +/- 49.034 L(0 - 223113) 
yield2S =  0.0022211 +/- 0.0074012 L(0 - 223113) 
yield3S =  0.000092270 +/- 0.00063371 L(0 - 223113) 
