yield1S =  247.23 +/- 39.029 L(0 - 119050) 
yield2S =  27.679 +/- 20.925 L(0 - 119050) 
yield3S =  0.00097864 +/- 0.00067431 L(0 - 119050) 
