yield1S =  10.592 +/- 9.0257 L(0 - 150489) 
yield2S =  0.000076155 +/- 0.00015951 L(0 - 150489) 
yield3S =  11.314 +/- 7.9664 L(0 - 150489) 
