yield1S =  6.1785 +/- 0.00017865 L(0 - 150489) 
yield2S =  0.034128 +/- 0.00025336 L(0 - 150489) 
yield3S =  3.0616 +/- 0.000039368 L(0 - 150489) 
