yield1S =  1654.4 +/- 103.53 L(0 - 732863) 
yield2S =  1.8216 +/- 5.2575 L(0 - 732863) 
yield3S =  0.000034756 +/- 0.00025061 L(0 - 732863) 
