yield1S =  58.058 +/- 30.792 L(0 - 119050) 
yield2S =  0.46577 +/- 11.795 L(0 - 119050) 
yield3S =  0.0016238 +/- 0.010153 L(0 - 119050) 
