yield1S =  1421.6 +/- 152.83 L(0 - 732863) 
yield2S =  238.50 +/- 93.012 L(0 - 732863) 
yield3S =  0.11743 +/- 0.19528 L(0 - 732863) 
