yield1S =  0.0000069877 +/- 0.0000014295 L(0 - 142118) 
yield2S =  0.0000 C L(-INF - +INF) 
yield3S =  0.0000 C L(-INF - +INF) 
