yield1S =  300.84 +/- 0.0024310 L(0 - 150489) 
yield2S =  247.84 +/- 0.0023687 L(0 - 150489) 
yield3S =  409.40 +/- 0.0028112 L(0 - 150489) 
