yield1S =  155.91 +/- 29.844 L(0 - 119050) 
yield2S =  0.0000069048 +/- 0.000015623 L(0 - 119050) 
yield3S =  0.0000 C L(-INF - +INF) 
