yield1S =  22.018 +/- 21.652 L(0 - 150489) 
yield2S =  0.000010785 +/- 0.00014749 L(0 - 150489) 
yield3S =  17.775 +/- 13.398 L(0 - 150489) 
