yield1S =  183.72 +/- 36.704 L(0 - 298983) 
yield2S =  0.0026274 +/- 0.015863 L(0 - 298983) 
yield3S =  0.0000 C L(-INF - +INF) 
