yield1S =  36468 +/- 524.81 L(0 - 1.58663e+06) 
yield2S =  3627.5 +/- 344.63 L(0 - 1.58663e+06) 
yield3S =  99.118 +/- 284.14 L(0 - 1.58663e+06) 
