yield1S =  76.759 +/- 27.318 L(0 - 150489) 
yield2S =  32.455 +/- 26.958 L(0 - 150489) 
yield3S =  0.00054426 +/- 0.00099050 L(0 - 150489) 
