yield1S =  191.07 +/- 30.942 L(0 - 46868) 
yield2S =  27.613 +/- 20.055 L(0 - 46868) 
yield3S =  0.0072573 +/- 0.16704 L(0 - 46868) 
