yield1S =  257.07 +/- 50.843 L(0 - 219125) 
yield2S =  0.00000052879 +/- 0.00014946 L(0 - 219125) 
yield3S =  4.8085 +/- 42.409 L(0 - 219125) 
