yield1S =  111.67 +/- 168.88 L(0 - 946827) 
yield2S =  0.0043456 +/- 0.046698 L(0 - 946827) 
yield3S =  0.019474 +/- 5.3608 L(0 - 946827) 
