yield1S =  106.99 +/- 25.748 L(0 - 275915) 
yield2S =  1.2937 +/- 15.272 L(0 - 275915) 
yield3S =  0.000037928 +/- 0.0016008 L(0 - 275915) 
