yield1S =  570.98 +/- 97.154 L(0 - 140036) 
yield2S =  24.853 +/- 25.919 L(0 - 140036) 
yield3S =  0.00013037 +/- 0.0022724 L(0 - 140036) 
