yield1S =  130.34 +/- 41.240 L(0 - 578584) 
yield2S =  0.0031401 +/- 0.34097 L(0 - 578584) 
yield3S =  0.0000063070 +/- 0.000072123 L(0 - 578584) 
