yield1S =  0.00000011175 +/- 0.0000000036089 L(0 - 142118) 
yield2S =  0.00000041843 +/- 0.000000039675 L(0 - 142118) 
yield3S =  0.00000023694 +/- 0.00000011001 L(0 - 142118) 
