yield1S =  34.728 +/- 19.396 L(0 - 946827) 
yield2S =  0.0098812 +/- 0.34520 L(0 - 946827) 
yield3S =  0.0000 C L(-INF - +INF) 
