yield1S =  157.37 +/- 24.635 L(0 - 150489) 
yield2S =  24.759 +/- 15.147 L(0 - 150489) 
yield3S =  0.0017373 +/- 0.0034857 L(0 - 150489) 
