yield1S =  423.21 +/- 64.638 L(0 - 223113) 
yield2S =  3.2503 +/- 37.419 L(0 - 223113) 
yield3S =  0.00016157 +/- 0.00054145 L(0 - 223113) 
