yield1S =  10.992 +/- 7.9597 L(0 - 150489) 
yield2S =  0.0000019936 +/- 0.000066953 L(0 - 150489) 
yield3S =  1.9529 +/- 7.6108 L(0 - 150489) 
