yield1S =  33.940 +/- 12.672 L(0 - 26927) 
yield2S =  0.043782 +/- 1.1256 L(0 - 26927) 
yield3S =  0.0000010087 +/- 0.000071535 L(0 - 26927) 
