yield1S =  602.31 +/- 70.423 L(0 - 732863) 
yield2S =  0.000044532 +/- 0.00028980 L(0 - 732863) 
yield3S =  0.000034636 +/- 0.00018174 L(0 - 732863) 
