yield1S =  394.63 +/- 46.203 L(0 - 223113) 
yield2S =  0.0030371 +/- 0.011188 L(0 - 223113) 
yield3S =  0.0000062541 +/- 0.000039129 L(0 - 223113) 
