yield1S =  28.701 +/- 14.870 L(0 - 26927) 
yield2S =  9.2198 +/- 12.516 L(0 - 26927) 
yield3S =  0.00040163 +/- 0.0020242 L(0 - 26927) 
