yield1S =  136.20 +/- 100.32 L(0 - 219125) 
yield2S =  52.698 +/- 57.492 L(0 - 219125) 
yield3S =  0.0017273 +/- 0.0050052 L(0 - 219125) 
