yield1S =  0.00025368 L(0 - 150489) 
yield2S =  0.0018118 L(0 - 150489) 
yield3S =  3.2304 L(0 - 150489) 
