yield1S =  62.646 +/- 14.531 L(0 - 26927) 
yield2S =  8.1637 +/- 10.004 L(0 - 26927) 
yield3S =  0.00085527 +/- 0.030061 L(0 - 26927) 
