yield1S =  38.607 +/- 14.681 L(0 - 150489) 
yield2S =  0.00013968 +/- 0.00073006 L(0 - 150489) 
yield3S =  4.1610 +/- 13.525 L(0 - 150489) 
