yield1S =  0.68867 +/- 5.5385 L(0 - 10926) 
yield2S =  0.32049 +/- 80.987 L(0 - 10926) 
yield3S =  12.448 +/- 502.71 L(0 - 10926) 
