yield1S =  624.52 +/- 93.385 L(0 - 140036) 
yield2S =  33.062 +/- 27.972 L(0 - 140036) 
yield3S =  0.0000030920 +/- 0.0021991 L(0 - 140036) 
