yield1S =  148.39 +/- 37.901 L(0 - 223113) 
yield2S =  46.171 +/- 29.064 L(0 - 223113) 
yield3S =  0.00024308 +/- 0.0017597 L(0 - 223113) 
