yield1S =  0.0012432 L(0 - 26927) 
yield2S =  1.8232 L(0 - 26927) 
yield3S =  0.10622 L(0 - 26927) 
