yield1S =  332.60 +/- 37.376 L(0 - 150489) 
yield2S =  58.184 +/- 19.907 L(0 - 150489) 
yield3S =  0.00010421 +/- 0.0051995 L(0 - 150489) 
