yield1S =  498.48 +/- 71.149 L(0 - 298983) 
yield2S =  87.785 +/- 49.161 L(0 - 298983) 
yield3S =  0.0033282 +/- 0.026065 L(0 - 298983) 
