yield1S =  602.26 +/- 104.12 L(0 - 140036) 
yield2S =  0.0077557 +/- 0.90629 L(0 - 140036) 
yield3S =  0.0013455 +/- 0.030895 L(0 - 140036) 
