yield1S =  274.09 +/- 25.166 L(0 - 46868) 
yield2S =  33.670 +/- 11.224 L(0 - 46868) 
yield3S =  0.032865 +/- 0.71865 L(0 - 46868) 
