yield1S =  120.73 +/- 37.133 L(0 - 150489) 
yield2S =  10.072 +/- 22.826 L(0 - 150489) 
yield3S =  0.0094328 +/- 0.050419 L(0 - 150489) 
