yield1S =  155.60 +/- 70.400 L(0 - 578584) 
yield2S =  0.00047140 +/- 0.00094527 L(0 - 578584) 
yield3S =  68.040 +/- 45.300 L(0 - 578584) 
