yield1S =  270.85 +/- 29.151 L(0 - 26927) 
yield2S =  44.615 +/- 20.629 L(0 - 26927) 
yield3S =  0.015746 +/- 0.13642 L(0 - 26927) 
