yield1S =  190.14 +/- 73.414 L(0 - 578584) 
yield2S =  95.294 +/- 84.856 L(0 - 578584) 
yield3S =  0.00019529 +/- 0.0054481 L(0 - 578584) 
