yield1S =  234.13 +/- 34.940 L(0 - 150489) 
yield2S =  52.229 +/- 20.884 L(0 - 150489) 
yield3S =  0.060156 +/- 0.98052 L(0 - 150489) 
