lambdaTheta = -0.0488208 +/- 0.21378 L(-3 - 3) 
lambdaPhi = -0.0291103 +/- 0.050261 L(-3 - 3) 
lambdaThetaPhi = -0.0259348 +/- 0.078472 L(-3 - 3) 
lambdaTilde = -0.132300 +/- 0.16059 L(-3 - 3) 
