lambdaTheta = -0.0574921 +/- 0.22947 L(-3 - 3) 
lambdaPhi =  0.080711 +/- 0.063238 L(-3 - 3) 
lambdaThetaPhi = -0.0145370 +/- 0.12468 L(-3 - 3) 
lambdaTilde =  0.20085 +/- 0.20447 L(-3 - 3) 
