lambdaTheta =  0.55737 +/- 0.18824 L(-3 - 3) 
lambdaPhi = -0.0908699 +/- 0.048445 L(-3 - 3) 
lambdaThetaPhi =  0.13647 +/- 0.11704 L(-3 - 3) 
lambdaTilde =  0.26104 +/- 0.12949 L(-3 - 3) 
