lambdaTheta =  0.49660 +/- 0.19593 L(-3 - 3) 
lambdaPhi =  0.048184 +/- 0.026190 L(-3 - 3) 
lambdaThetaPhi =  0.10855 +/- 0.061415 L(-3 - 3) 
lambdaTilde =  0.67361 +/- 0.069676 L(-3 - 3) 
