lambdaTheta =  0.21305 +/- 0.18836 L(-3 - 3) 
lambdaPhi = -0.0316880 +/- 0.046377 L(-3 - 3) 
lambdaThetaPhi = -0.0466432 +/- 0.10474 L(-3 - 3) 
lambdaTilde =  0.11436 +/- 0.13729 L(-3 - 3) 
