lambdaTheta =  0.45477 +/- 0.19267 L(-3 - 3) 
lambdaPhi =  0.065841 +/- 0.025972 L(-3 - 3) 
lambdaThetaPhi =  0.11330 +/- 0.061785 L(-3 - 3) 
lambdaTilde =  0.69827 +/- 0.069771 L(-3 - 3) 
