lambdaTheta = -0.00402834 +/- 0.21797 L(-3 - 3) 
lambdaPhi = -0.0292623 +/- 0.050534 L(-3 - 3) 
lambdaThetaPhi = -0.0318151 +/- 0.079094 L(-3 - 3) 
lambdaTilde = -0.0892049 +/- 0.15942 L(-3 - 3) 
