lambdaTheta =  0.51471 +/- 0.18508 L(-3 - 3) 
lambdaPhi = -0.0833033 +/- 0.048201 L(-3 - 3) 
lambdaThetaPhi =  0.13395 +/- 0.11662 L(-3 - 3) 
lambdaTilde =  0.24444 +/- 0.13043 L(-3 - 3) 
