lambdaTheta = -0.0901304 +/- 0.22744 L(-3 - 3) 
lambdaPhi =  0.070091 +/- 0.063215 L(-3 - 3) 
lambdaThetaPhi = -0.0159750 +/- 0.12306 L(-3 - 3) 
lambdaTilde =  0.12920 +/- 0.20666 L(-3 - 3) 
