lambdaTheta =  0.55549 +/- 0.18414 L(-2 - 2) 
lambdaPhi = -0.0373213 +/- 0.047477 L(-2 - 2) 
lambdaThetaPhi =  0.10849 +/- 0.11922 L(-2 - 2) 
lambdaTilde =  0.42757 +/- 0.12632 L(-2 - 2) 
