lambdaTheta =  1.1485 +/- 0.37118 L(-2 - 2) 
lambdaPhi = -0.122218 +/- 0.052765 L(-2 - 2) 
lambdaThetaPhi = -0.118564 +/- 0.10030 L(-2 - 2) 
lambdaTilde =  0.69668 +/- 0.11807 L(-2 - 2) 
