lambdaTheta = -0.0603722 +/- 0.23011 L(-2 - 2) 
lambdaPhi =  0.066001 +/- 0.063359 L(-2 - 2) 
lambdaThetaPhi = -0.0119711 +/- 0.12282 L(-2 - 2) 
lambdaTilde =  0.14736 +/- 0.20506 L(-2 - 2) 
