lambdaTheta =  0.18321 +/- 0.16495 L(-2 - 2) 
lambdaPhi =  0.047599 +/- 0.028808 L(-2 - 2) 
lambdaThetaPhi =  0.055326 +/- 0.064917 L(-2 - 2) 
lambdaTilde =  0.34229 +/- 0.085891 L(-2 - 2) 
