lambdaTheta =  1.2274 +/- 0.38500 L(-2 - 2) 
lambdaPhi = -0.0290544 +/- 0.049702 L(-2 - 2) 
lambdaThetaPhi = -0.127631 +/- 0.095565 L(-2 - 2) 
lambdaTilde =  1.1081 +/- 0.10336 L(-2 - 2) 
