lambdaTheta =  0.29985 +/- 0.18490 L(-2 - 2) 
lambdaPhi =  0.044682 +/- 0.025994 L(-2 - 2) 
lambdaThetaPhi =  0.10696 +/- 0.061040 L(-2 - 2) 
lambdaTilde =  0.45419 +/- 0.074424 L(-2 - 2) 
