lambdaTheta =  0.057545 +/- 0.22280 L(-2 - 2) 
lambdaPhi = -0.0260331 +/- 0.050738 L(-2 - 2) 
lambdaThetaPhi = -0.0286211 +/- 0.079314 L(-2 - 2) 
lambdaTilde = -0.0200326 +/- 0.15732 L(-2 - 2) 
