lambdaTheta =  0.63854 +/- 0.20509 L(-2 - 2) 
lambdaPhi =  0.023190 +/- 0.026650 L(-2 - 2) 
lambdaThetaPhi =  0.093587 +/- 0.061857 L(-2 - 2) 
lambdaTilde =  0.72492 +/- 0.067802 L(-2 - 2) 
