lambdaTheta =  0.31494 +/- 0.17472 L(-2 - 2) 
lambdaPhi =  0.0029703 +/- 0.029615 L(-2 - 2) 
lambdaThetaPhi =  0.054436 +/- 0.065163 L(-2 - 2) 
lambdaTilde =  0.32482 +/- 0.084832 L(-2 - 2) 
