lambdaTheta =  0.70480 +/- 0.33171 L(-2 - 2) 
lambdaPhi = -0.125367 +/- 0.051589 L(-2 - 2) 
lambdaThetaPhi = -0.110137 +/- 0.094601 L(-2 - 2) 
lambdaTilde =  0.29208 +/- 0.13233 L(-2 - 2) 
