lambdaTheta =  0.019214 +/- 0.17506 L(-2 - 2) 
lambdaPhi = -0.0314707 +/- 0.045561 L(-2 - 2) 
lambdaThetaPhi = -0.0434361 +/- 0.10265 L(-2 - 2) 
lambdaTilde = -0.0729033 +/- 0.14274 L(-2 - 2) 
