lambdaTheta = -0.0660217 +/- 0.22718 L(-2 - 2) 
lambdaPhi =  0.089881 +/- 0.062646 L(-2 - 2) 
lambdaThetaPhi = -0.00682659 +/- 0.12463 L(-2 - 2) 
lambdaTilde =  0.22373 +/- 0.20312 L(-2 - 2) 
