lambdaTheta = -0.0671204 +/- 0.23140 L(-2 - 2) 
lambdaPhi =  0.045564 +/- 0.063887 L(-2 - 2) 
lambdaThetaPhi = -0.00961031 +/- 0.12080 L(-2 - 2) 
lambdaTilde =  0.072892 +/- 0.20705 L(-2 - 2) 
