lambdaTheta =  0.095451 +/- 0.22538 L(-2 - 2) 
lambdaPhi = -0.0176124 +/- 0.050749 L(-2 - 2) 
lambdaThetaPhi = -0.0294234 +/- 0.080295 L(-2 - 2) 
lambdaTilde =  0.041876 +/- 0.15572 L(-2 - 2) 
