lambdaTheta =  0.46797 +/- 0.19166 L(-2 - 2) 
lambdaPhi =  0.079084 +/- 0.025851 L(-2 - 2) 
lambdaThetaPhi =  0.099577 +/- 0.062615 L(-2 - 2) 
lambdaTilde =  0.76578 +/- 0.068713 L(-2 - 2) 
