lambdaTheta =  0.020496 +/- 0.21986 L(-2 - 2) 
lambdaPhi = -0.0290709 +/- 0.050619 L(-2 - 2) 
lambdaThetaPhi = -0.0247832 +/- 0.078487 L(-2 - 2) 
lambdaTilde = -0.0648324 +/- 0.15858 L(-2 - 2) 
