alphaInf =  1.8078 +/-  (-0.010397, 0.009474) L(0.1 - 10) 
orderInf =  1.4618 +/-  (-0.026224, 0.028230) L(0.1 - 10) 
alphaSup =  0.80908 +/-  (-0.017483, 0.016966) L(0.1 - 10) 
orderSup =  6.8950 +/-  (-0.15910, 0.16538) L(0.1 - 40) 
