alphaInf =  1.4739 +/-  (-0.0027159, 0.0027121) L(0.1 - 10) 
orderInf =  2.1607 +/-  (-0.0060694, 0.0060826) L(0.1 - 10) 
alphaSup =  1.2802 +/-  (-0.0039602, 0.0039582) L(0.1 - 10) 
orderSup =  10.804 +/-  (-0.089981, 0.088877) L(0.1 - 40) 
