alphaInf =  1.8096 +/-  (-0.0076716, 0.0077345) L(0.1 - 10) 
orderInf =  1.6857 +/-  (-0.021908, 0.022011) L(0.1 - 10) 
alphaSup =  0.89967 +/-  (-0.026791, 0.024714) L(0.1 - 10) 
orderSup =  12.003 +/-  (-0.42038, 0.43403) L(0.1 - 40) 
