alphaInf =  1.5041 +/-  (-0.0015327, 0.0015373) L(0.1 - 10) 
orderInf =  2.0867 +/-  (-0.0034993, 0.0034747) L(0.1 - 10) 
alphaSup =  1.2556 +/-  (-0.0022121, 0.0022601) L(0.1 - 10) 
orderSup =  12.238 +/-  (-0.066726, 0.065622) L(0.1 - 40) 
