alphaInf =  1.4407 +/-  (-0.0051479, 0.0051459) L(0.1 - 10) 
orderInf =  2.0791 +/-  (-0.011412, 0.011437) L(0.1 - 10) 
alphaSup =  1.6589 +/-  (-0.0082945, 0.0084843) L(0.1 - 10) 
orderSup =  8.1481 +/-  (-0.15400, 0.15517) L(0.1 - 40) 
