alphaInf =  1.3772 +/-  (-0.0044524, 0.0045450) L(0.1 - 10) 
orderInf =  2.5342 +/-  (-0.012651, 0.012527) L(0.1 - 10) 
alphaSup =  1.1736 +/-  (-0.0058119, 0.0058129) L(0.1 - 10) 
orderSup =  14.702 +/-  (-0.25640, 0.26248) L(0.1 - 40) 
