alphaInf =  1.5363 +/-  (-0.0016578, 0.0016495) L(0.1 - 10) 
orderInf =  2.0567 +/-  (-0.0037754, 0.0037835) L(0.1 - 10) 
alphaSup =  1.2573 +/-  (-0.0023976, 0.0025194) L(0.1 - 10) 
orderSup =  13.950 +/-  (-0.096070, 0.089508) L(0.1 - 40) 
