alphaInf =  1.5612 +/-  (-0.0050699, 0.0049744) L(0.1 - 10) 
orderInf =  2.1392 +/-  (-0.014714, 0.014964) L(0.1 - 10) 
alphaSup =  0.68664 +/- 0.0016563 +/-  (-0.0009044, 0.0000000) L(0.1 - 10) 
orderSup =  40.000 +/- 0.38152 +/-  (-0.37430, 0.00000) L(0.1 - 40) 
