alphaInf =  1.5248 +/-  (-0.0022589, 0.0022750) L(0.1 - 10) 
orderInf =  2.0432 +/-  (-0.0051336, 0.0050986) L(0.1 - 10) 
alphaSup =  1.2383 +/-  (-0.0034832, 0.0035231) L(0.1 - 10) 
orderSup =  13.027 +/-  (-0.11555, 0.11248) L(0.1 - 40) 
