alphaInf =  1.4418 +/- 0.070293 L(0.1 - 10) 
orderInf =  2.5713 +/- 0.21466 L(0.1 - 10) 
alphaSup =  1.2393 +/- 0.070860 L(0.1 - 10) 
orderSup =  18.397 +/- 4.6065 L(0.1 - 40) 
