alphaInf =  1.5467 +/-  (-0.0079029, 0.0078700) L(0.1 - 10) 
orderInf =  2.1208 +/-  (-0.019447, 0.019792) L(0.1 - 10) 
alphaSup =  0.78669 +/-  (-0.016898, 0.016393) L(0.1 - 10) 
orderSup =  23.195 +/-  (-0.9888, 1.0692) L(0.1 - 40) 
