alphaInf =  1.0496 +/-  (-0.0026475, 0.0028968) L(0.1 - 10) 
orderInf =  5.7956 +/-  (-0.037891, 0.034493) L(0.1 - 10) 
alphaSup =  1.3275 +/-  (-0.0019502, 0.0018653) L(0.1 - 10) 
orderSup =  40.000 +/- 0.0068188 +/-  (-0.0068226, 0.0000000) L(0.1 - 40) 
