alphaInf =  1.4960 +/-  (-0.00071254, 0.00065643) L(0.1 - 10) 
orderInf =  2.2627 +/-  (-0.0016298, 0.0017059) L(0.1 - 10) 
alphaSup =  1.2081 +/-  (-0.0008901, 0.0011829) L(0.1 - 10) 
orderSup =  23.235 +/-  (-0.12460, 0.07938) L(0.1 - 40) 
