alphaInf =  1.4712 +/-  (-0.0012531, 0.0012615) L(0.1 - 10) 
orderInf =  2.3585 +/-  (-0.0033413, 0.0033557) L(0.1 - 10) 
alphaSup =  1.1346 +/-  (-0.0021429, 0.0021181) L(0.1 - 10) 
orderSup =  28.954 +/-  (-0.30279, 0.30664) L(0.1 - 40) 
