alphaInf =  1.5427 +/-  (-0.0018342, 0.0018272) L(0.1 - 10) 
orderInf =  2.0568 +/-  (-0.0042155, 0.0042348) L(0.1 - 10) 
alphaSup =  1.2613 +/-  (-0.0027473, 0.0027122) L(0.1 - 10) 
orderSup =  13.749 +/-  (-0.099920, 0.101863) L(0.1 - 40) 
