alphaInf =  1.5084 +/-  (-0.0015615, 0.0015011) L(0.1 - 10) 
orderInf =  2.1922 +/-  (-0.0036389, 0.0036889) L(0.1 - 10) 
alphaSup =  1.1875 +/-  (-0.0024417, 0.0027022) L(0.1 - 10) 
orderSup =  17.592 +/-  (-0.14350, 0.13111) L(0.1 - 40) 
