alphaInf =  1.4863 +/-  (-0.00098056, 0.00097597) L(0.1 - 10) 
orderInf =  2.2853 +/-  (-0.0024791, 0.0024825) L(0.1 - 10) 
alphaSup =  1.1581 +/-  (-0.0016412, 0.0016923) L(0.1 - 10) 
orderSup =  22.481 +/-  (-0.14404, 0.14214) L(0.1 - 40) 
