alphaInf =  1.4725 +/-  (-0.00058000, 0.00051126) L(0.1 - 10) 
orderInf =  2.2904 +/-  (-0.0012638, 0.0014711) L(0.1 - 10) 
alphaSup =  1.2301 +/-  (-0.00076082, 0.00086076) L(0.1 - 10) 
orderSup =  17.088 +/-  (-0.047868, 0.041390) L(0.1 - 40) 
