alphaInf =  1.6016 +/- 0.027997 L(0.1 - 10) 
orderInf =  1.9189 +/- 0.068286 L(0.1 - 10) 
alphaSup =  1.2328 +/- 0.044580 L(0.1 - 10) 
orderSup =  17.508 +/- 3.3955 L(0.1 - 40) 
