alphaInf =  1.5025 +/-  (-0.0017146, 0.0017193) L(0.1 - 10) 
orderInf =  2.0951 +/-  (-0.0038974, 0.0038955) L(0.1 - 10) 
alphaSup =  1.2571 +/-  (-0.0024985, 0.0024966) L(0.1 - 10) 
orderSup =  11.880 +/-  (-0.068934, 0.069764) L(0.1 - 40) 
