alphaInf =  1.6268 +/-  (-0.0072305, 0.0075561) L(0.1 - 10) 
orderInf =  1.7251 +/-  (-0.016850, 0.016566) L(0.1 - 10) 
alphaSup =  1.3158 +/-  (-0.011343, 0.011365) L(0.1 - 10) 
orderSup =  14.740 +/-  (-0.56836, 0.60037) L(0.1 - 40) 
