alphaInf =  1.3983 +/-  (-0.0013037, 0.0012834) L(0.1 - 10) 
orderInf =  2.8280 +/-  (-0.0040398, 0.0041241) L(0.1 - 10) 
alphaSup =  1.1742 +/-  (-0.0017374, 0.0019420) L(0.1 - 10) 
orderSup =  22.036 +/-  (-0.17578, 0.14737) L(0.1 - 40) 
