alphaInf =  1.4738 +/-  (-0.00055354, 0.00055174) L(0.1 - 10) 
orderInf =  2.2872 +/-  (-0.0013852, 0.0013873) L(0.1 - 10) 
alphaSup =  1.2311 +/-  (-0.00081627, 0.00081985) L(0.1 - 10) 
orderSup =  17.140 +/-  (-0.044970, 0.045054) L(0.1 - 40) 
