alphaInf =  1.4687 +/-  (-0.0034711, 0.0035625) L(0.1 - 10) 
orderInf =  2.1002 +/-  (-0.0090099, 0.0089642) L(0.1 - 10) 
alphaSup =  1.1347 +/-  (-0.0058187, 0.0055357) L(0.1 - 10) 
orderSup =  26.246 +/-  (-0.70535, 0.75912) L(0.1 - 40) 
