alphaInf =  1.3907 +/-  (-0.0010549, 0.0010536) L(0.1 - 10) 
orderInf =  2.7264 +/-  (-0.0031647, 0.0031700) L(0.1 - 10) 
alphaSup =  1.2119 +/-  (-0.0014307, 0.0014396) L(0.1 - 10) 
orderSup =  22.648 +/-  (-0.13749, 0.13801) L(0.1 - 40) 
