alphaInf =  1.4605 +/-  (-0.0024142, 0.0023985) L(0.1 - 10) 
orderInf =  2.2149 +/-  (-0.0055908, 0.0055902) L(0.1 - 10) 
alphaSup =  1.2527 +/-  (-0.0032529, 0.0033526) L(0.1 - 10) 
orderSup =  11.475 +/-  (-0.086538, 0.083837) L(0.1 - 40) 
