alphaInf =  1.5293 +/-  (-0.0012105, 0.0012052) L(0.1 - 10) 
orderInf =  1.9997 +/-  (-0.0026828, 0.0026920) L(0.1 - 10) 
alphaSup =  1.3409 +/-  (-0.0018096, 0.0018170) L(0.1 - 10) 
orderSup =  12.566 +/-  (-0.058629, 0.059014) L(0.1 - 40) 
