alphaInf =  1.5244 +/-  (-0.00085293, 0.00085184) L(0.1 - 10) 
orderInf =  2.0384 +/-  (-0.0019332, 0.0018956) L(0.1 - 10) 
alphaSup =  1.2967 +/-  (-0.0011923, 0.0013315) L(0.1 - 10) 
orderSup =  12.712 +/-  (-0.043078, 0.038551) L(0.1 - 40) 
