sigmaDSCBGauss =  0.067584 +/- 0.0098205 L(0.05 - 0.15) 
alphaInfDSCBGauss =  1.4654 +/- 0.31991 L(0.1 - 10) 
orderInfDSCBGauss =  1.4072 +/- 0.74858 L(0.1 - 10) 
alphaSupDSCBGauss =  1.6823 +/- 0.36654 L(0.1 - 10) 
orderSupDSCBGauss =  5.3379 +/- 4.0287 L(0.1 - 40) 
