sigmaDSCBGauss =  0.072611 +/- 0.0061582 L(0.05 - 0.15) 
alphaInfDSCBGauss =  1.1427 +/- 0.21480 L(0.1 - 10) 
orderInfDSCBGauss =  2.2109 +/- 0.64022 L(0.1 - 10) 
alphaSupDSCBGauss =  1.0464 +/- 0.26029 L(0.1 - 10) 
orderSupDSCBGauss =  40.000 +/- 3.6492 L(0.1 - 40) 
