sigmaDSCBGauss =  0.079502 +/- 0.0076869 L(0.05 - 0.15) 
alphaInfDSCBGauss =  1.7230 +/- 0.25279 L(0.1 - 10) 
orderInfDSCBGauss =  1.1528 +/- 0.59752 L(0.1 - 10) 
alphaSupDSCBGauss =  1.9589 +/- 0.66600 L(0.1 - 10) 
orderSupDSCBGauss =  4.1164 +/- 3.6803 L(0.1 - 40) 
