sigma =  0.071523 +/- 0.0011588 L(0.05 - 0.15) 
alphaInf =  1.3207 +/- 0.060582 L(0.1 - 10) 
orderInf =  1.8162 +/- 0.14111 L(0.1 - 10) 
alphaSup =  1.4149 +/- 0.079821 L(0.1 - 10) 
orderSup =  5.0482 +/- 0.64389 L(0.1 - 40) 
sigma_gauss =  0.11475 +/- 0.0036785 L(0.05 - 0.3) 
normFraction =  0.68989 +/- 0.021378 L(0.01 - 1) 
