sigmaDSCBGauss =  0.059894 +/- 0.0081931 L(0.05 - 0.15) 
alphaInfDSCBGauss =  1.1985 +/- 0.28304 L(0.1 - 10) 
orderInfDSCBGauss =  1.4955 +/- 0.69879 L(0.1 - 10) 
alphaSupDSCBGauss =  2.1162 +/- 1.2016 L(0.1 - 10) 
orderSupDSCBGauss =  3.9177 +/- 4.4493 L(0.1 - 40) 
