sigma =  0.071556 +/- 0.0012037 L(0.05 - 0.15) 
alphaInf =  1.2719 +/- 0.056777 L(0.1 - 10) 
orderInf =  1.9018 +/- 0.13772 L(0.1 - 10) 
alphaSup =  1.3297 +/- 0.071017 L(0.1 - 10) 
orderSup =  6.6666 +/- 1.0007 L(0.1 - 40) 
sigma_gauss =  0.11271 +/- 0.0030606 L(0.05 - 0.3) 
normFraction =  0.67482 +/- 0.020837 L(0.01 - 1) 
