sigmaDSCBGauss =  0.050000 +/- 0.000000067141 L(0.05 - 0.15) 
alphaInfDSCBGauss =  0.74933 +/- 0.34263 L(0.1 - 10) 
orderInfDSCBGauss =  2.5844 +/- 1.8523 L(0.1 - 10) 
alphaSupDSCBGauss =  0.74945 +/- 0.056674 L(0.1 - 10) 
orderSupDSCBGauss =  39.999 +/- 0.016862 L(0.1 - 40) 
