sigmaDSCBGauss =  0.065964 +/- 0.0031168 L(0.05 - 0.15) 
alphaInfDSCBGauss =  1.3099 +/- 0.16481 L(0.1 - 10) 
orderInfDSCBGauss =  1.6496 +/- 0.36956 L(0.1 - 10) 
alphaSupDSCBGauss =  1.2681 +/- 0.23366 L(0.1 - 10) 
orderSupDSCBGauss =  7.1030 +/- 3.2873 L(0.1 - 40) 
