sigmaDSCBGauss =  0.090516 +/- 0.0066482 L(0.05 - 0.15) 
alphaInfDSCBGauss =  1.2650 +/- 0.28982 L(0.1 - 10) 
orderInfDSCBGauss =  3.2286 +/- 2.2704 L(0.1 - 10) 
alphaSupDSCBGauss =  1.2087 +/- 0.12266 L(0.1 - 10) 
orderSupDSCBGauss =  40.000 +/- 0.00019475 L(0.1 - 40) 
