sigmaDSCBGauss =  0.077051 +/- 0.0072508 L(0.05 - 0.15) 
alphaInfDSCBGauss =  1.0804 +/- 0.34565 L(0.1 - 10) 
orderInfDSCBGauss =  2.7168 +/- 1.3565 L(0.1 - 10) 
alphaSupDSCBGauss =  1.5084 +/- 0.34130 L(0.1 - 10) 
orderSupDSCBGauss =  4.9318 +/- 2.9552 L(0.1 - 40) 
