sigmaDSCBGauss =  0.092856 +/- 0.0058114 L(0.05 - 0.15) 
alphaInfDSCBGauss =  1.1364 +/- 0.23945 L(0.1 - 10) 
orderInfDSCBGauss =  2.6227 +/- 0.95705 L(0.1 - 10) 
alphaSupDSCBGauss =  2.4314 +/- 0.29633 L(0.1 - 10) 
orderSupDSCBGauss =  2.8853 +/- 1.5492 L(0.1 - 40) 
