sigmaDSCBGauss =  0.057664 +/- 0.010781 L(0.05 - 0.15) 
alphaInfDSCBGauss =  1.4403 +/- 0.54160 L(0.1 - 10) 
orderInfDSCBGauss =  1.2010 +/- 1.0879 L(0.1 - 10) 
alphaSupDSCBGauss =  1.8089 +/- 1.1041 L(0.1 - 10) 
orderSupDSCBGauss =  3.4386 +/- 3.4259 L(0.1 - 40) 
