sigma =  0.10854 +/- 0.0026419 L(0.05 - 0.15) 
alphaInf =  1.3673 +/- 0.10883 L(0.1 - 10) 
orderInf =  1.6518 +/- 0.25747 L(0.1 - 10) 
alphaSup =  1.4226 +/- 0.16922 L(0.1 - 10) 
orderSup =  9.4437 +/- 5.1729 L(0.1 - 40) 
sigma_gauss =  0.13285 +/- 0.0060072 L(0.05 - 0.3) 
normFraction =  0.55021 +/- 0.035846 L(0.01 - 1) 
