sigmaDSCBGauss =  0.074792 +/- 0.0081769 L(0.05 - 0.15) 
alphaInfDSCBGauss =  1.5768 +/- 0.37135 L(0.1 - 10) 
orderInfDSCBGauss =  1.3952 +/- 0.52141 L(0.1 - 10) 
alphaSupDSCBGauss =  1.8449 +/- 0.27346 L(0.1 - 10) 
orderSupDSCBGauss =  7.7591 +/- 6.7692 L(0.1 - 40) 
