sigma =  0.10201 +/- 0.0038607 L(0.05 - 0.15) 
alphaInf =  1.0195 +/- 0.14425 L(0.1 - 10) 
orderInf =  2.3706 +/- 0.54655 L(0.1 - 10) 
alphaSup =  1.1679 +/- 0.12270 L(0.1 - 10) 
orderSup =  14.023 +/- 10.455 L(0.1 - 40) 
sigma_gauss =  0.12487 +/- 0.0039000 L(0.05 - 0.3) 
normFraction =  0.44963 +/- 0.036858 L(0.01 - 1) 
