sigmaDSCBGauss =  0.094038 +/- 0.0070894 L(0.05 - 0.15) 
alphaInfDSCBGauss =  1.3649 +/- 0.37638 L(0.1 - 10) 
orderInfDSCBGauss =  1.9917 +/- 1.0565 L(0.1 - 10) 
alphaSupDSCBGauss =  1.4689 +/- 0.30391 L(0.1 - 10) 
orderSupDSCBGauss =  13.500 +/- 15.154 L(0.1 - 40) 
