sigmaDSCBGauss =  0.069591 +/- 0.0059515 L(0.05 - 0.15) 
alphaInfDSCBGauss =  1.9775 +/- 0.27189 L(0.1 - 10) 
orderInfDSCBGauss =  0.66861 +/- 0.35169 L(0.1 - 10) 
alphaSupDSCBGauss =  2.8802 +/- 0.36564 L(0.1 - 10) 
orderSupDSCBGauss =  1.0333 +/- 0.81550 L(0.1 - 40) 
