sigma =  0.072398 +/- 0.0010622 L(0.05 - 0.15) 
alphaInf =  1.2605 +/- 0.059920 L(0.1 - 10) 
orderInf =  1.8335 +/- 0.10908 L(0.1 - 10) 
alphaSup =  1.2668 +/- 0.074852 L(0.1 - 10) 
orderSup =  7.6404 +/- 1.1055 L(0.1 - 40) 
sigma_gauss =  0.10453 +/- 0.0032659 L(0.05 - 0.3) 
normFraction =  0.65285 +/- 0.019573 L(0.01 - 1) 
