sigmaDSCBGauss =  0.092472 +/- 0.0070434 L(0.05 - 0.15) 
alphaInfDSCBGauss =  1.9642 +/- 0.51823 L(0.1 - 10) 
orderInfDSCBGauss =  0.90520 +/- 0.85905 L(0.1 - 10) 
alphaSupDSCBGauss =  1.9153 +/- 0.54638 L(0.1 - 10) 
orderSupDSCBGauss =  4.0311 +/- 2.9459 L(0.1 - 40) 
