sigmaDSCBGauss =  0.076714 +/- 0.0081325 L(0.05 - 0.15) 
alphaInfDSCBGauss =  1.6296 +/- 0.18821 L(0.1 - 10) 
orderInfDSCBGauss =  1.3448 +/- 0.51432 L(0.1 - 10) 
alphaSupDSCBGauss =  2.4880 +/- 2.4565 L(0.1 - 10) 
orderSupDSCBGauss =  4.5896 +/- 29.807 L(0.1 - 40) 
