sigmaDSCBGauss =  0.075141 +/- 0.0054839 L(0.05 - 0.15) 
alphaInfDSCBGauss =  1.2187 +/- 0.18905 L(0.1 - 10) 
orderInfDSCBGauss =  1.6329 +/- 0.49258 L(0.1 - 10) 
alphaSupDSCBGauss =  1.3796 +/- 0.18529 L(0.1 - 10) 
orderSupDSCBGauss =  5.1022 +/- 2.1827 L(0.1 - 40) 
