sigmaDSCBGauss =  0.066497 +/- 0.0084292 L(0.05 - 0.15) 
alphaInfDSCBGauss =  1.0290 +/- 0.23785 L(0.1 - 10) 
orderInfDSCBGauss =  2.6379 +/- 1.3899 L(0.1 - 10) 
alphaSupDSCBGauss =  1.6625 +/- 0.92124 L(0.1 - 10) 
orderSupDSCBGauss =  5.6709 +/- 6.3359 L(0.1 - 40) 
