sigmaDSCBGauss =  0.053501 +/- 0.0052564 L(0.05 - 0.15) 
alphaInfDSCBGauss =  0.85139 +/- 0.14150 L(0.1 - 10) 
orderInfDSCBGauss =  2.2414 +/- 0.47682 L(0.1 - 10) 
alphaSupDSCBGauss =  0.78963 +/- 0.13655 L(0.1 - 10) 
orderSupDSCBGauss =  23.773 +/- 25.011 L(0.1 - 40) 
