sigma =  0.070961 +/- 0.0012906 L(0.05 - 0.15) 
alphaInf =  1.1943 +/- 0.059531 L(0.1 - 10) 
orderInf =  2.1418 +/- 0.16233 L(0.1 - 10) 
alphaSup =  1.2194 +/- 0.073276 L(0.1 - 10) 
orderSup =  7.0955 +/- 1.1727 L(0.1 - 40) 
sigma_gauss =  0.11109 +/- 0.0035375 L(0.05 - 0.3) 
normFraction =  0.67626 +/- 0.020419 L(0.01 - 1) 
