sigmaDSCBGauss =  0.069825 +/- 0.018567 L(0.05 - 0.15) 
alphaInfDSCBGauss =  0.94914 +/- 0.88926 L(0.1 - 10) 
orderInfDSCBGauss =  2.6780 +/- 3.1337 L(0.1 - 10) 
alphaSupDSCBGauss =  1.5000 +/- 0.32435 L(0.1 - 10) 
orderSupDSCBGauss =  3.3421 +/- 1.7231 L(0.1 - 40) 
