sigmaDSCBGauss =  0.072752 +/- 0.0057393 L(0.05 - 0.15) 
alphaInfDSCBGauss =  1.3058 +/- 0.26708 L(0.1 - 10) 
orderInfDSCBGauss =  1.6964 +/- 0.74928 L(0.1 - 10) 
alphaSupDSCBGauss =  1.0958 +/- 0.27820 L(0.1 - 10) 
orderSupDSCBGauss =  9.2542 +/- 8.8772 L(0.1 - 40) 
