sigmaDSCBGauss =  0.063363 +/- 0.0059269 L(0.05 - 0.15) 
alphaInfDSCBGauss =  1.3605 +/- 0.27212 L(0.1 - 10) 
orderInfDSCBGauss =  1.3254 +/- 0.59687 L(0.1 - 10) 
alphaSupDSCBGauss =  1.1724 +/- 0.29754 L(0.1 - 10) 
orderSupDSCBGauss =  6.3522 +/- 4.6656 L(0.1 - 40) 
