sigma =  0.10703 +/- 0.0030921 L(0.05 - 0.15) 
alphaInf =  1.4067 +/- 0.18496 L(0.1 - 10) 
orderInf =  1.7594 +/- 0.46110 L(0.1 - 10) 
alphaSup =  1.5654 +/- 0.25524 L(0.1 - 10) 
orderSup =  6.5440 +/- 3.6186 L(0.1 - 40) 
sigma_gauss =  0.14076 +/- 0.0097612 L(0.05 - 0.3) 
normFraction =  0.58610 +/- 0.047272 L(0.01 - 1) 
