sigmaDSCBGauss =  0.075935 +/- 0.0092201 L(0.05 - 0.15) 
alphaInfDSCBGauss =  1.1148 +/- 0.48607 L(0.1 - 10) 
orderInfDSCBGauss =  2.4831 +/- 1.7144 L(0.1 - 10) 
alphaSupDSCBGauss =  1.4144 +/- 0.63277 L(0.1 - 10) 
orderSupDSCBGauss =  8.0239 +/- 8.2368 L(0.1 - 40) 
