sigma =  0.10862 +/- 0.0023054 L(0.05 - 0.15) 
alphaInf =  1.7776 +/- 0.12713 L(0.1 - 10) 
orderInf =  1.1074 +/- 0.23451 L(0.1 - 10) 
alphaSup =  2.2785 +/- 0.27464 L(0.1 - 10) 
orderSup =  2.2100 +/- 0.82541 L(0.1 - 40) 
sigma_gauss =  0.16500 +/- 0.0063772 L(0.05 - 0.3) 
normFraction =  0.63725 +/- 0.036577 L(0.01 - 1) 
