sigmaDSCBGauss =  0.073379 +/- 0.013220 L(0.05 - 0.15) 
alphaInfDSCBGauss =  1.5329 +/- 0.69675 L(0.1 - 10) 
orderInfDSCBGauss =  1.3924 +/- 1.5986 L(0.1 - 10) 
alphaSupDSCBGauss =  1.1865 +/- 0.70838 L(0.1 - 10) 
orderSupDSCBGauss =  8.3350 +/- 21.870 L(0.1 - 40) 
