sigmaDSCBGauss =  0.050000 +/- 0.00000010095 L(0.05 - 0.15) 
alphaInfDSCBGauss =  0.69812 +/- 0.29984 L(0.1 - 10) 
orderInfDSCBGauss =  2.5082 +/- 1.7978 L(0.1 - 10) 
alphaSupDSCBGauss =  0.68517 +/- 0.078790 L(0.1 - 10) 
orderSupDSCBGauss =  39.999 +/- 0.0079532 L(0.1 - 40) 
