sigmaDSCBGauss =  0.075831 +/- 0.0040453 L(0.05 - 0.15) 
alphaInfDSCBGauss =  1.7678 +/- 0.28701 L(0.1 - 10) 
orderInfDSCBGauss =  1.2444 +/- 0.54343 L(0.1 - 10) 
alphaSupDSCBGauss =  3.1265 +/- 0.23521 L(0.1 - 10) 
orderSupDSCBGauss =  3.2859 +/- 1.8565 L(0.1 - 40) 
