sigmaDSCBGauss =  0.069329 +/- 0.0029542 L(0.05 - 0.15) 
alphaInfDSCBGauss =  1.7400 +/- 0.15233 L(0.1 - 10) 
orderInfDSCBGauss =  1.1330 +/- 0.29511 L(0.1 - 10) 
alphaSupDSCBGauss =  2.2751 +/- 0.28276 L(0.1 - 10) 
orderSupDSCBGauss =  3.5799 +/- 1.0689 L(0.1 - 40) 
