sigmaDSCBGauss =  0.079116 +/- 0.0071897 L(0.05 - 0.15) 
alphaInfDSCBGauss =  1.0069 +/- 0.26421 L(0.1 - 10) 
orderInfDSCBGauss =  2.2861 +/- 1.0565 L(0.1 - 10) 
alphaSupDSCBGauss =  1.4857 +/- 0.31324 L(0.1 - 10) 
orderSupDSCBGauss =  5.2222 +/- 3.3901 L(0.1 - 40) 
