sigma =  0.11028 +/- 0.0018695 L(0.05 - 0.15) 
alphaInf =  1.9512 +/- 0.065279 L(0.1 - 10) 
orderInf =  1.0606 +/- 0.15511 L(0.1 - 10) 
alphaSup =  3.3175 +/- 0.12547 L(0.1 - 10) 
orderSup =  0.45356 +/- 0.20774 L(0.1 - 40) 
sigma_gauss =  0.18387 +/- 0.0055679 L(0.05 - 0.3) 
normFraction =  0.73948 +/- 0.033643 L(0.01 - 1) 
