sigmaDSCBGauss =  0.068825 +/- 0.0068891 L(0.05 - 0.15) 
alphaInfDSCBGauss =  1.4181 +/- 0.36183 L(0.1 - 10) 
orderInfDSCBGauss =  1.8661 +/- 1.2376 L(0.1 - 10) 
alphaSupDSCBGauss =  2.1608 +/- 0.87045 L(0.1 - 10) 
orderSupDSCBGauss =  2.5309 +/- 2.9779 L(0.1 - 40) 
