sigmaDSCBGauss =  0.072743 +/- 0.017381 L(0.05 - 0.15) 
alphaInfDSCBGauss =  1.3480 +/- 0.44966 L(0.1 - 10) 
orderInfDSCBGauss =  1.3576 +/- 0.67272 L(0.1 - 10) 
alphaSupDSCBGauss =  1.0439 +/- 0.70726 L(0.1 - 10) 
orderSupDSCBGauss =  21.701 +/- 74.475 L(0.1 - 40) 
