sigma =  0.058547 +/- 0.0026015 L(0.05 - 0.15) 
alphaInf =  1.0866 +/- 0.12250 L(0.1 - 10) 
orderInf =  1.6848 +/- 0.14941 L(0.1 - 10) 
alphaSup =  1.2326 +/- 0.14764 L(0.1 - 10) 
orderSup =  9.4704 +/- 3.3343 L(0.1 - 40) 
sigma_gauss =  0.078920 +/- 0.0017370 L(0.05 - 0.3) 
normFraction =  0.43454 +/- 0.035682 L(0.01 - 1) 
