sigmaDSCBGauss =  0.089290 +/- 0.0058924 L(0.05 - 0.15) 
alphaInfDSCBGauss =  1.5624 +/- 0.44979 L(0.1 - 10) 
orderInfDSCBGauss =  1.9908 +/- 1.3200 L(0.1 - 10) 
alphaSupDSCBGauss =  1.9644 +/- 0.35120 L(0.1 - 10) 
orderSupDSCBGauss =  8.8647 +/- 6.8391 L(0.1 - 40) 
