sigmaDSCBGauss =  0.072332 +/- 0.0049517 L(0.05 - 0.15) 
alphaInfDSCBGauss =  1.3069 +/- 0.19981 L(0.1 - 10) 
orderInfDSCBGauss =  1.7859 +/- 0.55251 L(0.1 - 10) 
alphaSupDSCBGauss =  1.5902 +/- 0.33803 L(0.1 - 10) 
orderSupDSCBGauss =  4.0728 +/- 1.8284 L(0.1 - 40) 
