sigmaDSCBGauss =  0.071574 +/- 0.0080892 L(0.05 - 0.15) 
alphaInfDSCBGauss =  1.4476 +/- 0.47341 L(0.1 - 10) 
orderInfDSCBGauss =  1.5531 +/- 1.2270 L(0.1 - 10) 
alphaSupDSCBGauss =  1.7449 +/- 0.73517 L(0.1 - 10) 
orderSupDSCBGauss =  4.4572 +/- 4.2487 L(0.1 - 40) 
