sigma =  0.073301 +/- 0.00096434 L(0.05 - 0.15) 
alphaInf =  1.3119 +/- 0.060732 L(0.1 - 10) 
orderInf =  1.8912 +/- 0.13755 L(0.1 - 10) 
alphaSup =  1.3616 +/- 0.087197 L(0.1 - 10) 
orderSup =  6.9883 +/- 1.1898 L(0.1 - 40) 
sigma_gauss =  0.11043 +/- 0.0046251 L(0.05 - 0.3) 
normFraction =  0.71116 +/- 0.019790 L(0.01 - 1) 
