sigmaDSCBGauss =  0.092665 +/- 0.011565 L(0.05 - 0.15) 
alphaInfDSCBGauss =  1.6597 +/- 0.44510 L(0.1 - 10) 
orderInfDSCBGauss =  1.2853 +/- 0.94209 L(0.1 - 10) 
alphaSupDSCBGauss =  1.6919 +/- 0.26677 L(0.1 - 10) 
orderSupDSCBGauss =  8.3820 +/- 8.3584 L(0.1 - 40) 
