sigma =  0.072165 +/- 0.00046514 L(0.05 - 0.15) 
alphaInf =  1.2273 +/- 0.022897 L(0.1 - 10) 
orderInf =  2.0358 +/- 0.056272 L(0.1 - 10) 
alphaSup =  1.2791 +/- 0.029809 L(0.1 - 10) 
orderSup =  7.0664 +/- 0.42563 L(0.1 - 40) 
sigma_gauss =  0.11050 +/- 0.0014378 L(0.05 - 0.3) 
normFraction =  0.67941 +/- 0.0077653 L(0.01 - 1) 
