sigmaDSCBGauss =  0.077531 +/- 0.0088631 L(0.05 - 0.15) 
alphaInfDSCBGauss =  1.6061 +/- 0.53823 L(0.1 - 10) 
orderInfDSCBGauss =  1.1712 +/- 0.94663 L(0.1 - 10) 
alphaSupDSCBGauss =  1.3292 +/- 0.69341 L(0.1 - 10) 
orderSupDSCBGauss =  7.6825 +/- 10.712 L(0.1 - 40) 
