sigma =  0.073052 +/- 0.0012030 L(0.05 - 0.15) 
alphaInf =  1.3505 +/- 0.070686 L(0.1 - 10) 
orderInf =  1.7913 +/- 0.14926 L(0.1 - 10) 
alphaSup =  1.3301 +/- 0.082655 L(0.1 - 10) 
orderSup =  6.7533 +/- 1.0609 L(0.1 - 40) 
sigma_gauss =  0.11050 +/- 0.0053093 L(0.05 - 0.3) 
normFraction =  0.72810 +/- 0.024365 L(0.01 - 1) 
