sigmaDSCBGauss =  0.093265 +/- 0.010517 L(0.05 - 0.15) 
alphaInfDSCBGauss =  1.6718 +/- 1.3469 L(0.1 - 10) 
orderInfDSCBGauss =  1.4162 +/- 2.1551 L(0.1 - 10) 
alphaSupDSCBGauss =  1.4117 +/- 1.5300 L(0.1 - 10) 
orderSupDSCBGauss =  14.917 +/- 77.567 L(0.1 - 40) 
