sigmaDSCBGauss =  0.063261 +/- 0.0095930 L(0.05 - 0.15) 
alphaInfDSCBGauss =  0.83549 +/- 0.33200 L(0.1 - 10) 
orderInfDSCBGauss =  2.2476 +/- 1.1733 L(0.1 - 10) 
alphaSupDSCBGauss =  1.2165 +/- 0.26985 L(0.1 - 10) 
orderSupDSCBGauss =  4.8441 +/- 2.5179 L(0.1 - 40) 
