sigmaDSCBGauss =  0.083186 +/- 0.0088426 L(0.05 - 0.15) 
alphaInfDSCBGauss =  1.7131 +/- 0.27131 L(0.1 - 10) 
orderInfDSCBGauss =  1.2016 +/- 0.57039 L(0.1 - 10) 
alphaSupDSCBGauss =  2.4701 +/- 0.53197 L(0.1 - 10) 
orderSupDSCBGauss =  1.3103 +/- 1.2324 L(0.1 - 40) 
