sigma =  0.073521 +/- 0.0020187 L(0.05 - 0.15) 
alphaInf =  1.0932 +/- 0.081907 L(0.1 - 10) 
orderInf =  2.3465 +/- 0.24679 L(0.1 - 10) 
alphaSup =  1.3392 +/- 0.10398 L(0.1 - 10) 
orderSup =  6.3414 +/- 1.0819 L(0.1 - 40) 
sigma_gauss =  0.11146 +/- 0.0043419 L(0.05 - 0.3) 
normFraction =  0.64714 +/- 0.029151 L(0.01 - 1) 
