sigmaDSCBGauss =  0.067237 +/- 0.0065268 L(0.05 - 0.15) 
alphaInfDSCBGauss =  1.2510 +/- 0.47294 L(0.1 - 10) 
orderInfDSCBGauss =  2.1430 +/- 1.4059 L(0.1 - 10) 
alphaSupDSCBGauss =  1.2751 +/- 0.74499 L(0.1 - 10) 
orderSupDSCBGauss =  8.6788 +/- 12.608 L(0.1 - 40) 
