sigmaDSCBGauss =  0.062908 +/- 0.0083270 L(0.05 - 0.15) 
alphaInfDSCBGauss =  1.2053 +/- 0.23396 L(0.1 - 10) 
orderInfDSCBGauss =  1.7467 +/- 0.79172 L(0.1 - 10) 
alphaSupDSCBGauss =  0.79294 +/- 0.13121 L(0.1 - 10) 
orderSupDSCBGauss =  39.999 +/- 0.013869 L(0.1 - 40) 
