sigmaDSCBGauss =  0.075380 +/- 0.0067900 L(0.05 - 0.15) 
alphaInfDSCBGauss =  1.4804 +/- 0.40713 L(0.1 - 10) 
orderInfDSCBGauss =  1.4928 +/- 0.98230 L(0.1 - 10) 
alphaSupDSCBGauss =  1.9186 +/- 0.55898 L(0.1 - 10) 
orderSupDSCBGauss =  4.7183 +/- 3.6287 L(0.1 - 40) 
