sigmaDSCBGauss =  0.055881 +/- 0.0079996 L(0.05 - 0.15) 
alphaInfDSCBGauss =  0.93727 +/- 0.15516 L(0.1 - 10) 
orderInfDSCBGauss =  2.2528 +/- 0.71850 L(0.1 - 10) 
alphaSupDSCBGauss =  0.95623 +/- 0.15710 L(0.1 - 10) 
orderSupDSCBGauss =  40.000 +/- 0.00017502 L(0.1 - 40) 
