sigmaDSCBGauss =  0.072496 +/- 0.0062739 L(0.05 - 0.15) 
alphaInfDSCBGauss =  1.4964 +/- 0.26035 L(0.1 - 10) 
orderInfDSCBGauss =  1.1977 +/- 0.52454 L(0.1 - 10) 
alphaSupDSCBGauss =  3.6488 +/- 0.25961 L(0.1 - 10) 
orderSupDSCBGauss =  0.10000 +/- 0.0000033397 L(0.1 - 40) 
