sigmaDSCBGauss =  0.078842 +/- 0.011631 L(0.05 - 0.15) 
alphaInfDSCBGauss =  1.6461 +/- 0.58474 L(0.1 - 10) 
orderInfDSCBGauss =  1.7154 +/- 1.8880 L(0.1 - 10) 
alphaSupDSCBGauss =  1.4959 +/- 0.50166 L(0.1 - 10) 
orderSupDSCBGauss =  12.703 +/- 23.212 L(0.1 - 40) 
