sigma =  0.10941 +/- 0.0056448 L(0.05 - 0.15) 
alphaInf =  0.98690 +/- 0.20701 L(0.1 - 10) 
orderInf =  2.2908 +/- 0.72988 L(0.1 - 10) 
alphaSup =  1.2758 +/- 0.15485 L(0.1 - 10) 
orderSup =  10.220 +/- 5.3027 L(0.1 - 40) 
sigma_gauss =  0.12240 +/- 0.0045526 L(0.05 - 0.3) 
normFraction =  0.42468 +/- 0.061062 L(0.01 - 1) 
