sigmaDSCBGauss =  0.057136 +/- 0.0086246 L(0.05 - 0.15) 
alphaInfDSCBGauss =  0.63683 +/- 0.16489 L(0.1 - 10) 
orderInfDSCBGauss =  3.0167 +/- 1.2634 L(0.1 - 10) 
alphaSupDSCBGauss =  0.72524 +/- 0.16218 L(0.1 - 10) 
orderSupDSCBGauss =  22.124 +/- 37.100 L(0.1 - 40) 
