sigmaDSCBGauss =  0.065346 +/- 0.0063682 L(0.05 - 0.15) 
alphaInfDSCBGauss =  1.2041 +/- 0.31440 L(0.1 - 10) 
orderInfDSCBGauss =  1.7614 +/- 0.57448 L(0.1 - 10) 
alphaSupDSCBGauss =  1.1413 +/- 0.33619 L(0.1 - 10) 
orderSupDSCBGauss =  10.428 +/- 8.6586 L(0.1 - 40) 
