sigmaDSCBGauss =  0.062583 +/- 0.0049505 L(0.05 - 0.15) 
alphaInfDSCBGauss =  1.0066 +/- 0.16251 L(0.1 - 10) 
orderInfDSCBGauss =  2.3457 +/- 0.63255 L(0.1 - 10) 
alphaSupDSCBGauss =  1.2860 +/- 0.21166 L(0.1 - 10) 
orderSupDSCBGauss =  4.7795 +/- 1.9030 L(0.1 - 40) 
