sigma =  0.071233 +/- 0.0016347 L(0.05 - 0.15) 
alphaInf =  1.1120 +/- 0.070008 L(0.1 - 10) 
orderInf =  2.4923 +/- 0.21264 L(0.1 - 10) 
alphaSup =  1.1496 +/- 0.086209 L(0.1 - 10) 
orderSup =  8.8085 +/- 1.7695 L(0.1 - 40) 
sigma_gauss =  0.11191 +/- 0.0045820 L(0.05 - 0.3) 
normFraction =  0.68605 +/- 0.021347 L(0.01 - 1) 
