sigmaDSCBGauss =  0.057451 +/- 0.025285 L(0.05 - 0.15) 
alphaInfDSCBGauss =  0.71734 +/- 0.47913 L(0.1 - 10) 
orderInfDSCBGauss =  2.8853 +/- 1.4279 L(0.1 - 10) 
alphaSupDSCBGauss =  1.1280 +/- 0.51166 L(0.1 - 10) 
orderSupDSCBGauss =  6.5561 +/- 8.2521 L(0.1 - 40) 
