sigma =  0.10333 +/- 0.0053693 L(0.05 - 0.15) 
alphaInf =  1.1382 +/- 0.28260 L(0.1 - 10) 
orderInf =  2.3811 +/- 0.66085 L(0.1 - 10) 
alphaSup =  1.2113 +/- 0.29113 L(0.1 - 10) 
orderSup =  14.577 +/- 13.704 L(0.1 - 40) 
sigma_gauss =  0.12703 +/- 0.0088587 L(0.05 - 0.3) 
normFraction =  0.53393 +/- 0.10319 L(0.01 - 1) 
