sigmaDSCBGauss =  0.082432 +/- 0.074152 L(0.05 - 0.15) 
alphaInfDSCBGauss =  1.4117 +/- 1.1101 L(0.1 - 10) 
orderInfDSCBGauss =  1.5885 +/- 4.3101 L(0.1 - 10) 
alphaSupDSCBGauss =  2.6047 +/- 34.604 L(0.1 - 10) 
orderSupDSCBGauss =  3.5544 +/- 167.82 L(0.1 - 40) 
