sigmaDSCBGauss =  0.050000 +/- 0.00065223 L(0.05 - 0.15) 
alphaInfDSCBGauss =  0.90283 +/- 0.36899 L(0.1 - 10) 
orderInfDSCBGauss =  2.1308 +/- 0.67837 L(0.1 - 10) 
alphaSupDSCBGauss =  0.76629 +/- 0.43515 L(0.1 - 10) 
orderSupDSCBGauss =  10.300 +/- 8.3157 L(0.1 - 40) 
