sigmaDSCBGauss =  0.086994 +/- 0.0056395 L(0.05 - 0.15) 
alphaInfDSCBGauss =  1.5046 +/- 0.45979 L(0.1 - 10) 
orderInfDSCBGauss =  2.2650 +/- 1.7158 L(0.1 - 10) 
alphaSupDSCBGauss =  1.8338 +/- 0.18519 L(0.1 - 10) 
orderSupDSCBGauss =  10.180 +/- 7.6729 L(0.1 - 40) 
