alphaInf =  1.3508 +/-  (-0.00080209, 0.00083299) L(0.1 - 10) 
orderInf =  2.7179 +/- 0.0032808 +/-  (0.0000000, 0.0032756) L(0.1 - 10) 
alphaSup =  1.3326 +/-  (-0.00057810, 0.00067577) L(0.1 - 10) 
orderSup =  18.468 +/-  (-0.085291, 0.072491) L(0.1 - 40) 
