alphaInf =  1.2422 +/-  (-0.00072835, 0.00072518) L(0.1 - 10) 
orderInf =  2.9758 +/-  (-0.0037394, 0.0037495) L(0.1 - 10) 
alphaSup =  1.2532 +/-  (-0.0012795, 0.0012667) L(0.1 - 10) 
orderSup =  19.311 +/-  (-0.14702, 0.14978) L(0.1 - 40) 
