meanHypatia =  9.4699 +/- 0.000084683 L(9.2 - 9.8) 
lambdaHypatia = -1.83276 +/- 0.018913 L(-20 - -0.1) 
zetaHypatia =  0.0098632 +/- 0.80451 L(0 - 1) 
betaHypatia = -1.64824 +/- 0.0097060 L(-10 - 0) 
sigmaHypatia =  0.12329 +/- 0.00072310 L(0.05 - 0.25) 
alphaInfHypatia =  2.1934 +/- 0.015919 L(0.1 - 5) 
orderInfHypatia =  1.1878 +/- 0.013171 L(0.2 - 15) 
alphaSupHypatia =  5.5443 +/- 0.26319 L(0.1 - 10) 
orderSupHypatia =  2.7436 +/- 0.75384 L(0 - 15) 
