meanHypatia =  9.4707 +/- 0.0011525 L(9.2 - 9.8) 
lambdaHypatia = -1.74409 +/- 0.090023 L(-20 - -0.1) 
zetaHypatia =  0.0000 C L(0 - 1) 
betaHypatia = -1.59728 +/- 0.12626 L(-10 - 0) 
sigmaHypatia =  0.15931 +/- 0.0050663 L(0.05 - 0.25) 
alphaInfHypatia =  1.7516 +/- 0.25409 L(0.1 - 5) 
orderInfHypatia =  1.4272 +/- 0.13160 L(0.2 - 15) 
alphaSupHypatia =  5.3740 +/- 0.10423 L(0.1 - 10) 
orderSupHypatia =  0.013072 +/- 0.16152 L(0 - 15) 
