lambdaJohnson =  0.13403 +/- 0.0097261 L(0.001 - 5) 
gammaJohnson =  0.31648 +/- 0.051661 L(-5 - 5) 
deltaJohnson =  1.2948 +/- 0.077365 L(0.01 - 10) 
