lambdaJohnson =  0.10163 +/- 0.012057 L(0.001 - 5) 
gammaJohnson =  0.51622 +/- 0.064237 L(-5 - 5) 
deltaJohnson =  1.1214 +/- 0.10250 L(0.01 - 10) 
