lambdaJohnson =  0.11814 +/- 0.025216 L(0.001 - 2) 
gammaJohnson =  0.45396 +/- 0.11035 L(0 - 2) 
deltaJohnson =  1.3285 +/- 0.23301 L(0.01 - 10) 
