lambdaJohnson =  0.12341 +/- 0.0083494 L(0.001 - 5) 
gammaJohnson =  0.39231 +/- 0.043772 L(-5 - 5) 
deltaJohnson =  1.2501 +/- 0.069825 L(0.01 - 10) 
