lambdaJohnson =  0.13965 +/- 0.0096835 L(0.001 - 5) 
gammaJohnson =  0.36963 +/- 0.055080 L(-5 - 5) 
deltaJohnson =  1.3486 +/- 0.078941 L(0.01 - 10) 
