lambdaJohnson =  0.10089 +/- 0.0042830 L(0.001 - 2) 
gammaJohnson =  0.38314 +/- 0.026664 L(0 - 2) 
deltaJohnson =  1.1720 +/- 0.039738 L(0.01 - 10) 
