lambdaJohnson =  0.10481 +/- 0.0062446 L(0.001 - 5) 
gammaJohnson =  0.34279 +/- 0.042221 L(-5 - 5) 
deltaJohnson =  1.2066 +/- 0.056703 L(0.01 - 10) 
