lambdaJohnson =  0.096319 +/- 0.0063791 L(0.001 - 5) 
gammaJohnson =  0.32423 +/- 0.045496 L(-5 - 5) 
deltaJohnson =  1.1023 +/- 0.056327 L(0.01 - 10) 
