lambdaJohnson =  0.088404 +/- 0.0068700 L(0.001 - 5) 
gammaJohnson =  0.32211 +/- 0.043849 L(-5 - 5) 
deltaJohnson =  1.0452 +/- 0.062651 L(0.01 - 10) 
