lambdaJohnson =  0.12922 +/- 0.012617 L(0.001 - 5) 
gammaJohnson =  0.44823 +/- 0.066079 L(-5 - 5) 
deltaJohnson =  1.2572 +/- 0.10147 L(0.01 - 10) 
