lambdaJohnson =  0.11267 +/- 0.016420 L(0.001 - 5) 
gammaJohnson =  0.21544 +/- 0.11587 L(-5 - 5) 
deltaJohnson =  1.2776 +/- 0.14772 L(0.01 - 10) 
