lambdaJohnson =  0.089316 +/- 0.0046335 L(0.001 - 2) 
gammaJohnson =  0.32772 +/- 0.035732 L(0 - 2) 
deltaJohnson =  1.0777 +/- 0.044806 L(0.01 - 10) 
