lambdaJohnson =  0.11933 +/- 0.0068190 L(0.001 - 5) 
gammaJohnson =  0.39070 +/- 0.039000 L(-5 - 5) 
deltaJohnson =  1.2295 +/- 0.056711 L(0.01 - 10) 
