lambdaJohnson =  0.097787 +/- 0.0041513 L(0.001 - 2) 
gammaJohnson =  0.41220 +/- 0.027927 L(0 - 2) 
deltaJohnson =  1.1795 +/- 0.040163 L(0.01 - 10) 
