lambdaJohnson =  0.12585 +/- 0.0073366 L(0.001 - 5) 
gammaJohnson =  0.35720 +/- 0.040676 L(-5 - 5) 
deltaJohnson =  1.2650 +/- 0.060535 L(0.01 - 10) 
