lambdaJohnson =  0.093339 +/- 0.0048881 L(0.001 - 2) 
gammaJohnson =  0.36174 +/- 0.033809 L(0 - 2) 
deltaJohnson =  1.1095 +/- 0.045006 L(0.01 - 10) 
