lambdaJohnson =  0.10657 +/- 0.010557 L(0.001 - 5) 
gammaJohnson =  0.29477 +/- 0.077149 L(-5 - 5) 
deltaJohnson =  1.0984 +/- 0.088835 L(0.01 - 10) 
