lambdaJohnson =  0.11727 +/- 0.011320 L(0.001 - 2) 
gammaJohnson =  0.31881 +/- 0.076522 L(0 - 2) 
deltaJohnson =  1.2075 +/- 0.094157 L(0.01 - 10) 
