lambdaJohnson =  0.10286 +/- 0.013021 L(0.001 - 2) 
gammaJohnson =  0.55175 +/- 0.093069 L(0 - 2) 
deltaJohnson =  1.1488 +/- 0.12006 L(0.01 - 10) 
