lambdaJohnson =  0.090629 +/- 0.0032690 L(0.001 - 2) 
gammaJohnson =  0.30715 +/- 0.021520 L(0 - 2) 
deltaJohnson =  1.0729 +/- 0.030161 L(0.01 - 10) 
