lambdaJohnson =  0.13942 +/- 0.013591 L(0.001 - 2) 
gammaJohnson =  0.32448 +/- 0.065232 L(0 - 2) 
deltaJohnson =  1.3480 +/- 0.11116 L(0.01 - 10) 
