lambdaJohnson =  0.12885 +/- 0.013549 L(0.001 - 2) 
gammaJohnson =  0.41318 +/- 0.079439 L(0 - 2) 
deltaJohnson =  1.3128 +/- 0.11525 L(0.01 - 10) 
