lambdaJohnson =  0.10198 +/- 0.0063759 L(0.001 - 5) 
gammaJohnson =  0.42328 +/- 0.042496 L(-5 - 5) 
deltaJohnson =  1.1840 +/- 0.058185 L(0.01 - 10) 
