lambdaJohnson =  0.10483 +/- 0.011023 L(0.001 - 2) 
gammaJohnson =  0.33552 +/- 0.069866 L(0 - 2) 
deltaJohnson =  1.1646 +/- 0.096426 L(0.01 - 10) 
