lambdaJohnson =  0.094017 +/- 0.0055553 L(0.001 - 2) 
gammaJohnson =  0.35807 +/- 0.036757 L(0 - 2) 
deltaJohnson =  1.1389 +/- 0.053454 L(0.01 - 10) 
