lambdaJohnson =  0.10271 +/- 0.011121 L(0.001 - 2) 
gammaJohnson =  0.41799 +/- 0.071441 L(0 - 2) 
deltaJohnson =  1.1476 +/- 0.097714 L(0.01 - 10) 
