lambdaJohnson =  0.13330 +/- 0.011285 L(0.001 - 5) 
gammaJohnson =  0.27533 +/- 0.060278 L(-5 - 5) 
deltaJohnson =  1.2926 +/- 0.093692 L(0.01 - 10) 
