lambdaJohnson =  0.10094 +/- 0.011992 L(0.001 - 2) 
gammaJohnson =  0.47899 +/- 0.069744 L(0 - 2) 
deltaJohnson =  1.1280 +/- 0.10585 L(0.01 - 10) 
