lambdaJohnson =  0.093453 +/- 0.0037170 L(0.001 - 2) 
gammaJohnson =  0.37377 +/- 0.023403 L(0 - 2) 
deltaJohnson =  1.0871 +/- 0.033789 L(0.01 - 10) 
