lambdaJohnson =  0.11183 +/- 0.013091 L(0.001 - 2) 
gammaJohnson =  0.29646 +/- 0.066722 L(0 - 2) 
deltaJohnson =  1.1685 +/- 0.10947 L(0.01 - 10) 
