lambdaJohnson =  0.085705 +/- 0.0031449 L(0.001 - 2) 
gammaJohnson =  0.36245 +/- 0.022364 L(0 - 2) 
deltaJohnson =  1.0142 +/- 0.028644 L(0.01 - 10) 
