lambdaJohnson =  0.14783 +/- 0.011839 L(0.001 - 2) 
gammaJohnson =  0.28810 +/- 0.052294 L(0 - 2) 
deltaJohnson =  1.3138 +/- 0.088280 L(0.01 - 10) 
