lambdaJohnson =  0.12711 +/- 0.027771 L(0.001 - 2) 
gammaJohnson =  0.56896 +/- 0.14606 L(0 - 2) 
deltaJohnson =  1.3950 +/- 0.25225 L(0.01 - 10) 
