lambdaJohnson =  0.12958 +/- 0.011304 L(0.001 - 5) 
gammaJohnson =  0.34102 +/- 0.058724 L(-5 - 5) 
deltaJohnson =  1.3431 +/- 0.096146 L(0.01 - 10) 
