lambdaJohnson =  0.10813 +/- 0.022070 L(0.001 - 5) 
gammaJohnson =  0.37450 +/- 0.10759 L(-5 - 5) 
deltaJohnson =  1.2618 +/- 0.20774 L(0.01 - 10) 
