lambdaJohnson =  0.12513 +/- 0.010536 L(0.001 - 2) 
gammaJohnson =  0.23020 +/- 0.050374 L(0 - 2) 
deltaJohnson =  1.2274 +/- 0.083372 L(0.01 - 10) 
