lambdaJohnson =  0.12806 +/- 0.0087043 L(0.001 - 5) 
gammaJohnson =  0.38775 +/- 0.041259 L(-5 - 5) 
deltaJohnson =  1.2818 +/- 0.071296 L(0.01 - 10) 
