lambdaJohnson =  0.11718 +/- 0.011911 L(0.001 - 5) 
gammaJohnson =  0.44533 +/- 0.076167 L(-5 - 5) 
deltaJohnson =  1.2267 +/- 0.098939 L(0.01 - 10) 
