lambdaJohnson =  0.11327 +/- 0.0090529 L(0.001 - 5) 
gammaJohnson =  0.35714 +/- 0.055499 L(-5 - 5) 
deltaJohnson =  1.2545 +/- 0.081721 L(0.01 - 10) 
