lambdaJohnson =  0.10387 +/- 0.011526 L(0.001 - 2) 
gammaJohnson =  0.36694 +/- 0.068176 L(0 - 2) 
deltaJohnson =  1.1291 +/- 0.097466 L(0.01 - 10) 
