lambdaJohnson =  0.10613 +/- 0.0055885 L(0.001 - 5) 
gammaJohnson =  0.41594 +/- 0.040187 L(-5 - 5) 
deltaJohnson =  1.1980 +/- 0.051542 L(0.01 - 10) 
