lambdaJohnson =  0.093014 +/- 0.0034601 L(0.001 - 5) 
gammaJohnson =  0.33674 +/- 0.022517 L(-5 - 5) 
deltaJohnson =  1.1142 +/- 0.032663 L(0.01 - 10) 
