lambdaJohnson =  0.088584 +/- 0.0047234 L(0.001 - 5) 
gammaJohnson =  0.24710 +/- 0.032076 L(-5 - 5) 
deltaJohnson =  1.0675 +/- 0.044191 L(0.01 - 10) 
