lambdaJohnson =  0.12380 +/- 0.0084121 L(0.001 - 2) 
gammaJohnson =  0.29561 +/- 0.043278 L(0 - 2) 
deltaJohnson =  1.2135 +/- 0.066993 L(0.01 - 10) 
