lambdaJohnson =  0.10075 +/- 0.0046572 L(0.001 - 5) 
gammaJohnson =  0.32133 +/- 0.028235 L(-5 - 5) 
deltaJohnson =  1.1584 +/- 0.042012 L(0.01 - 10) 
