lambdaJohnson =  0.10090 +/- 0.014530 L(0.001 - 5) 
gammaJohnson =  0.36302 +/- 0.082913 L(-5 - 5) 
deltaJohnson =  1.1119 +/- 0.13008 L(0.01 - 10) 
