lambdaJohnson =  0.099061 +/- 0.010043 L(0.001 - 2) 
gammaJohnson =  0.23304 +/- 0.059804 L(0 - 2) 
deltaJohnson =  1.0951 +/- 0.085127 L(0.01 - 10) 
