lambdaJohnson =  0.10800 +/- 0.0071626 L(0.001 - 5) 
gammaJohnson =  0.45986 +/- 0.044697 L(-5 - 5) 
deltaJohnson =  1.2521 +/- 0.067275 L(0.01 - 10) 
