lambdaJohnson =  0.10637 +/- 0.011476 L(0.001 - 2) 
gammaJohnson =  0.25407 +/- 0.058909 L(0 - 2) 
deltaJohnson =  1.0959 +/- 0.091413 L(0.01 - 10) 
