lambdaJohnson =  0.097414 +/- 0.0060318 L(0.001 - 5) 
gammaJohnson =  0.45725 +/- 0.039027 L(-5 - 5) 
deltaJohnson =  1.1710 +/- 0.055985 L(0.01 - 10) 
