lambdaJohnson =  0.10617 +/- 0.010363 L(0.001 - 2) 
gammaJohnson =  0.31281 +/- 0.063356 L(0 - 2) 
deltaJohnson =  1.1160 +/- 0.082536 L(0.01 - 10) 
