lambdaJohnson =  0.095148 +/- 0.0049313 L(0.001 - 5) 
gammaJohnson =  0.32995 +/- 0.033195 L(-5 - 5) 
deltaJohnson =  1.1360 +/- 0.045814 L(0.01 - 10) 
