lambdaJohnson =  0.14336 +/- 0.010693 L(0.001 - 5) 
gammaJohnson =  0.30568 +/- 0.053451 L(-5 - 5) 
deltaJohnson =  1.3442 +/- 0.083751 L(0.01 - 10) 
