lambdaJohnson =  0.093573 +/- 0.0031207 L(0.001 - 5) 
gammaJohnson =  0.36315 +/- 0.021586 L(-5 - 5) 
deltaJohnson =  1.1124 +/- 0.028682 L(0.01 - 10) 
