lambdaJohnson =  0.10522 +/- 0.014500 L(0.001 - 2) 
gammaJohnson =  0.34360 +/- 0.12955 L(0 - 2) 
deltaJohnson =  1.1264 +/- 0.12816 L(0.01 - 10) 
