lambdaJohnson =  0.12216 +/- 0.019621 L(0.001 - 2) 
gammaJohnson =  0.22445 +/- 0.14116 L(0 - 2) 
deltaJohnson =  1.2394 +/- 0.16215 L(0.01 - 10) 
