lambdaJohnson =  0.13058 +/- 0.010687 L(0.001 - 2) 
gammaJohnson =  0.15772 +/- 0.053547 L(0 - 2) 
deltaJohnson =  1.2547 +/- 0.083549 L(0.01 - 10) 
