lambdaJohnson =  0.12765 +/- 0.0081257 L(0.001 - 2) 
gammaJohnson =  0.32797 +/- 0.041504 L(0 - 2) 
deltaJohnson =  1.2400 +/- 0.063418 L(0.01 - 10) 
