lambdaJohnson =  0.088276 +/- 0.0044273 L(0.001 - 5) 
gammaJohnson =  0.31146 +/- 0.031511 L(-5 - 5) 
deltaJohnson =  1.0673 +/- 0.041255 L(0.01 - 10) 
