lambdaJohnson =  0.13336 +/- 0.012879 L(0.001 - 5) 
gammaJohnson =  0.36111 +/- 0.061796 L(-5 - 5) 
deltaJohnson =  1.2948 +/- 0.10366 L(0.01 - 10) 
