lambdaJohnson =  0.12339 +/- 0.0076532 L(0.001 - 2) 
gammaJohnson =  0.30219 +/- 0.041699 L(0 - 2) 
deltaJohnson =  1.2221 +/- 0.061318 L(0.01 - 10) 
