lambdaJohnson =  0.13391 +/- 0.0087378 L(0.001 - 2) 
gammaJohnson =  0.44905 +/- 0.045511 L(0 - 2) 
deltaJohnson =  1.3465 +/- 0.071531 L(0.01 - 10) 
