lambdaJohnson =  0.11722 +/- 0.012772 L(0.001 - 2) 
gammaJohnson =  0.48316 +/- 0.078976 L(0 - 2) 
deltaJohnson =  1.2559 +/- 0.10872 L(0.01 - 10) 
