lambdaJohnson =  0.10304 +/- 0.0097076 L(0.001 - 2) 
gammaJohnson =  0.42433 +/- 0.073659 L(0 - 2) 
deltaJohnson =  1.1733 +/- 0.083814 L(0.01 - 10) 
