lambdaJohnson =  0.098540 +/- 0.016565 L(0.001 - 2) 
gammaJohnson =  0.41788 +/- 0.098438 L(0 - 2) 
deltaJohnson =  1.1361 +/- 0.15182 L(0.01 - 10) 
