lambdaJohnson =  0.13105 +/- 0.0083268 L(0.001 - 5) 
gammaJohnson =  0.32744 +/- 0.042423 L(-5 - 5) 
deltaJohnson =  1.2859 +/- 0.066282 L(0.01 - 10) 
