lambdaJohnson =  0.10837 +/- 0.0058354 L(0.001 - 2) 
gammaJohnson =  0.40279 +/- 0.037789 L(0 - 2) 
deltaJohnson =  1.2092 +/- 0.052679 L(0.01 - 10) 
