lambdaJohnson =  0.10301 +/- 0.0095175 L(0.001 - 2) 
gammaJohnson =  0.39688 +/- 0.065677 L(0 - 2) 
deltaJohnson =  1.1222 +/- 0.080519 L(0.01 - 10) 
