lambdaJohnson =  0.098484 +/- 0.0054862 L(0.001 - 5) 
gammaJohnson =  0.30512 +/- 0.035493 L(-5 - 5) 
deltaJohnson =  1.1162 +/- 0.047946 L(0.01 - 10) 
