lambdaJohnson =  0.11551 +/- 0.014954 L(0.001 - 2) 
gammaJohnson =  0.48904 +/- 0.075230 L(0 - 2) 
deltaJohnson =  1.2400 +/- 0.13286 L(0.01 - 10) 
