lambdaJohnson =  0.10252 +/- 0.0079447 L(0.001 - 5) 
gammaJohnson =  0.34379 +/- 0.047568 L(-5 - 5) 
deltaJohnson =  1.1402 +/- 0.070157 L(0.01 - 10) 
