lambdaJohnson =  0.15025 +/- 0.011668 L(0.001 - 2) 
gammaJohnson =  0.26218 +/- 0.048250 L(0 - 2) 
deltaJohnson =  1.3516 +/- 0.087063 L(0.01 - 10) 
