lambdaJohnson =  0.12110 +/- 0.035563 L(0.001 - 5) 
gammaJohnson =  0.32680 +/- 0.11060 L(-5 - 5) 
deltaJohnson =  1.3882 +/- 0.32914 L(0.01 - 10) 
