lambdaJohnson =  0.10164 +/- 0.0048231 L(0.001 - 5) 
gammaJohnson =  0.29185 +/- 0.029308 L(-5 - 5) 
deltaJohnson =  1.1756 +/- 0.044402 L(0.01 - 10) 
