lambdaJohnson =  0.12672 +/- 0.014181 L(0.001 - 2) 
gammaJohnson =  0.43715 +/- 0.096324 L(0 - 2) 
deltaJohnson =  1.3164 +/- 0.12484 L(0.01 - 10) 
