lambdaJohnson =  0.093645 +/- 0.0097412 L(0.001 - 2) 
gammaJohnson =  0.27954 +/- 0.061918 L(0 - 2) 
deltaJohnson =  1.1082 +/- 0.087638 L(0.01 - 10) 
