lambdaJohnson =  0.10252 +/- 0.010584 L(0.001 - 2) 
gammaJohnson =  0.48331 +/- 0.064319 L(0 - 2) 
deltaJohnson =  1.1730 +/- 0.093223 L(0.01 - 10) 
