lambdaJohnson =  0.10990 +/- 0.012089 L(0.001 - 5) 
gammaJohnson =  0.32033 +/- 0.080842 L(-5 - 5) 
deltaJohnson =  1.1115 +/- 0.099040 L(0.01 - 10) 
