lambdaJohnson =  0.11699 +/- 0.014860 L(0.001 - 2) 
gammaJohnson =  0.43977 +/- 0.085592 L(0 - 2) 
deltaJohnson =  1.2768 +/- 0.13704 L(0.01 - 10) 
