lambdaJohnson =  0.12657 +/- 0.0098828 L(0.001 - 5) 
gammaJohnson =  0.33805 +/- 0.053274 L(-5 - 5) 
deltaJohnson =  1.2732 +/- 0.083093 L(0.01 - 10) 
