lambdaJohnson =  0.11659 +/- 0.0073748 L(0.001 - 5) 
gammaJohnson =  0.35686 +/- 0.038184 L(-5 - 5) 
deltaJohnson =  1.1616 +/- 0.059209 L(0.01 - 10) 
