lambdaJohnson =  0.11152 +/- 0.015495 L(0.001 - 2) 
gammaJohnson =  0.30297 +/- 0.083109 L(0 - 2) 
deltaJohnson =  1.1676 +/- 0.13303 L(0.01 - 10) 
