lambdaJohnson =  0.10632 +/- 0.011129 L(0.001 - 5) 
gammaJohnson =  0.46591 +/- 0.089883 L(-5 - 5) 
deltaJohnson =  1.0770 +/- 0.095716 L(0.01 - 10) 
