lambdaJohnson =  0.10046 +/- 0.0036893 L(0.001 - 2) 
gammaJohnson =  0.39619 +/- 0.023961 L(0 - 2) 
deltaJohnson =  1.1704 +/- 0.033951 L(0.01 - 10) 
