lambdaJohnson =  0.096743 +/- 0.0087299 L(0.001 - 2) 
gammaJohnson =  0.45065 +/- 0.064892 L(0 - 2) 
deltaJohnson =  1.0982 +/- 0.078507 L(0.01 - 10) 
