lambdaJohnson =  0.10433 +/- 0.0063187 L(0.001 - 5) 
gammaJohnson =  0.46218 +/- 0.044645 L(-5 - 5) 
deltaJohnson =  1.2223 +/- 0.059808 L(0.01 - 10) 
