lambdaJohnson =  0.12295 +/- 0.013181 L(0.001 - 2) 
gammaJohnson =  0.39216 +/- 0.080948 L(0 - 2) 
deltaJohnson =  1.2758 +/- 0.11501 L(0.01 - 10) 
