lambdaJohnson =  0.11816 +/- 0.013748 L(0.001 - 5) 
gammaJohnson =  0.48628 +/- 0.080759 L(-5 - 5) 
deltaJohnson =  1.2662 +/- 0.11672 L(0.01 - 10) 
