lambdaJohnson =  0.14394 +/- 0.011182 L(0.001 - 2) 
gammaJohnson =  0.32730 +/- 0.054277 L(0 - 2) 
deltaJohnson =  1.3631 +/- 0.085742 L(0.01 - 10) 
