lambdaJohnson =  0.12062 +/- 0.014416 L(0.001 - 5) 
gammaJohnson =  0.47030 +/- 0.084269 L(-5 - 5) 
deltaJohnson =  1.2550 +/- 0.12206 L(0.01 - 10) 
