lambdaJohnson =  0.13285 +/- 0.010114 L(0.001 - 5) 
gammaJohnson =  0.27787 +/- 0.055105 L(-5 - 5) 
deltaJohnson =  1.2837 +/- 0.082321 L(0.01 - 10) 
