lambdaJohnson =  0.12609 +/- 0.015685 L(0.001 - 2) 
gammaJohnson =  0.21494 +/- 0.075535 L(0 - 2) 
deltaJohnson =  1.2825 +/- 0.12872 L(0.01 - 10) 
