lambdaJohnson =  0.10504 +/- 0.0066778 L(0.001 - 5) 
gammaJohnson =  0.33746 +/- 0.040702 L(-5 - 5) 
deltaJohnson =  1.2266 +/- 0.061532 L(0.01 - 10) 
