lambdaJohnson =  0.085902 +/- 0.0044459 L(0.001 - 5) 
gammaJohnson =  0.30756 +/- 0.030912 L(-5 - 5) 
deltaJohnson =  1.0571 +/- 0.042150 L(0.01 - 10) 
