lambdaJohnson =  0.13345 +/- 0.0085810 L(0.001 - 5) 
gammaJohnson =  0.41485 +/- 0.050835 L(-5 - 5) 
deltaJohnson =  1.3209 +/- 0.071122 L(0.01 - 10) 
