lambdaJohnson =  0.12567 +/- 0.021533 L(0.001 - 2) 
gammaJohnson =  0.36422 +/- 0.13655 L(0 - 2) 
deltaJohnson =  1.2262 +/- 0.17183 L(0.01 - 10) 
