lambdaJohnson =  0.10866 +/- 0.011213 L(0.001 - 2) 
gammaJohnson =  0.32205 +/- 0.078497 L(0 - 2) 
deltaJohnson =  1.1936 +/- 0.099969 L(0.01 - 10) 
