lambdaJohnson =  0.10115 +/- 0.0063789 L(0.001 - 5) 
gammaJohnson =  0.37341 +/- 0.041865 L(-5 - 5) 
deltaJohnson =  1.2065 +/- 0.060346 L(0.01 - 10) 
