lambdaJohnson =  0.11420 +/- 0.011950 L(0.001 - 5) 
gammaJohnson =  0.48316 +/- 0.090062 L(-5 - 5) 
deltaJohnson =  1.2604 +/- 0.10814 L(0.01 - 10) 
