lambdaJohnson =  0.096789 +/- 0.0089457 L(0.001 - 2) 
gammaJohnson =  0.41102 +/- 0.062342 L(0 - 2) 
deltaJohnson =  1.1209 +/- 0.080251 L(0.01 - 10) 
