lambdaJohnson =  0.10062 +/- 0.0039953 L(0.001 - 2) 
gammaJohnson =  0.36748 +/- 0.028219 L(0 - 2) 
deltaJohnson =  1.1788 +/- 0.037473 L(0.01 - 10) 
