lambdaJohnson =  0.093344 +/- 0.0034354 L(0.001 - 2) 
gammaJohnson =  0.33408 +/- 0.023049 L(0 - 2) 
deltaJohnson =  1.0967 +/- 0.031397 L(0.01 - 10) 
