lambdaJohnson =  0.13455 +/- 0.012583 L(0.001 - 5) 
gammaJohnson =  0.31224 +/- 0.060585 L(-5 - 5) 
deltaJohnson =  1.2849 +/- 0.096891 L(0.01 - 10) 
