lambdaJohnson =  0.090765 +/- 0.0092978 L(0.001 - 2) 
gammaJohnson =  0.21602 +/- 0.060758 L(0 - 2) 
deltaJohnson =  1.0087 +/- 0.080785 L(0.01 - 10) 
