lambdaJohnson =  0.097084 +/- 0.0057987 L(0.001 - 2) 
gammaJohnson =  0.32198 +/- 0.034798 L(0 - 2) 
deltaJohnson =  1.1374 +/- 0.053055 L(0.01 - 10) 
