lambdaJohnson =  0.10079 +/- 0.0092489 L(0.001 - 2) 
gammaJohnson =  0.35855 +/- 0.061891 L(0 - 2) 
deltaJohnson =  1.1342 +/- 0.078760 L(0.01 - 10) 
