lambdaJohnson =  0.10258 +/- 0.0079035 L(0.001 - 5) 
gammaJohnson =  0.35011 +/- 0.052821 L(-5 - 5) 
deltaJohnson =  1.1544 +/- 0.072042 L(0.01 - 10) 
