lambdaJohnson =  0.099089 +/- 0.0059809 L(0.001 - 5) 
gammaJohnson =  0.38203 +/- 0.049164 L(-5 - 5) 
deltaJohnson =  1.1642 +/- 0.058137 L(0.01 - 10) 
