lambdaJohnson =  0.10470 +/- 0.0047149 L(0.001 - 5) 
gammaJohnson =  0.33845 +/- 0.028482 L(-5 - 5) 
deltaJohnson =  1.1842 +/- 0.041634 L(0.01 - 10) 
