lambdaJohnson =  0.10411 +/- 0.0048083 L(0.001 - 5) 
gammaJohnson =  0.32293 +/- 0.028077 L(-5 - 5) 
deltaJohnson =  1.1769 +/- 0.042792 L(0.01 - 10) 
