lambdaJohnson =  0.092211 +/- 0.015560 L(0.001 - 5) 
gammaJohnson =  0.29477 +/- 0.087834 L(-5 - 5) 
deltaJohnson =  1.0615 +/- 0.13836 L(0.01 - 10) 
