lambdaJohnson =  0.10272 +/- 0.011578 L(0.001 - 2) 
gammaJohnson =  0.52285 +/- 0.062648 L(0 - 2) 
deltaJohnson =  1.1688 +/- 0.10293 L(0.01 - 10) 
