lambdaJohnson =  0.10393 +/- 0.017046 L(0.001 - 5) 
gammaJohnson =  0.35712 +/- 0.091629 L(-5 - 5) 
deltaJohnson =  1.1853 +/- 0.15312 L(0.01 - 10) 
