lambdaJohnson =  0.094493 +/- 0.0039187 L(0.001 - 5) 
gammaJohnson =  0.40557 +/- 0.026865 L(-5 - 5) 
deltaJohnson =  1.0954 +/- 0.036211 L(0.01 - 10) 
