lambdaJohnson =  0.10036 +/- 0.0099225 L(0.001 - 2) 
gammaJohnson =  0.25197 +/- 0.058706 L(0 - 2) 
deltaJohnson =  1.0896 +/- 0.081919 L(0.01 - 10) 
