lambdaJohnson =  0.11200 +/- 0.014680 L(0.001 - 5) 
gammaJohnson =  0.31645 +/- 0.079106 L(-5 - 5) 
deltaJohnson =  1.1321 +/- 0.12115 L(0.01 - 10) 
