lambdaJohnson =  0.091439 +/- 0.0038771 L(0.001 - 2) 
gammaJohnson =  0.33185 +/- 0.025469 L(0 - 2) 
deltaJohnson =  1.0680 +/- 0.035390 L(0.01 - 10) 
