lambdaJohnson =  0.11654 +/- 0.0066406 L(0.001 - 5) 
gammaJohnson =  0.45414 +/- 0.043578 L(-5 - 5) 
deltaJohnson =  1.2819 +/- 0.060209 L(0.01 - 10) 
