lambdaJohnson =  0.090913 +/- 0.0050134 L(0.001 - 5) 
gammaJohnson =  0.31787 +/- 0.031818 L(-5 - 5) 
deltaJohnson =  1.1130 +/- 0.047355 L(0.01 - 10) 
