lambdaJohnson =  0.093453 +/- 0.0032745 L(0.001 - 2) 
gammaJohnson =  0.34888 +/- 0.021290 L(0 - 2) 
deltaJohnson =  1.0960 +/- 0.029991 L(0.01 - 10) 
