lambdaJohnson =  0.10438 +/- 0.0072286 L(0.001 - 5) 
gammaJohnson =  0.42698 +/- 0.050506 L(-5 - 5) 
deltaJohnson =  1.2330 +/- 0.069967 L(0.01 - 10) 
