lambdaJohnson =  0.10439 +/- 0.010761 L(0.001 - 2) 
gammaJohnson =  0.50216 +/- 0.067298 L(0 - 2) 
deltaJohnson =  1.1640 +/- 0.092089 L(0.01 - 10) 
