lambdaJohnson =  0.098131 +/- 0.0099708 L(0.001 - 2) 
gammaJohnson =  0.48523 +/- 0.072775 L(0 - 2) 
deltaJohnson =  1.1711 +/- 0.092771 L(0.01 - 10) 
