lambdaJohnson =  0.093797 +/- 0.0042260 L(0.001 - 5) 
gammaJohnson =  0.33340 +/- 0.027226 L(-5 - 5) 
deltaJohnson =  1.0875 +/- 0.039223 L(0.01 - 10) 
