lambdaJohnson =  0.10280 +/- 0.0055455 L(0.001 - 5) 
gammaJohnson =  0.35036 +/- 0.037052 L(-5 - 5) 
deltaJohnson =  1.2208 +/- 0.052826 L(0.01 - 10) 
