lambdaJohnson =  0.087104 +/- 0.0046267 L(0.001 - 2) 
gammaJohnson =  0.23993 +/- 0.031680 L(0 - 2) 
deltaJohnson =  1.0668 +/- 0.043810 L(0.01 - 10) 
