lambdaJohnson =  0.092584 +/- 0.0034524 L(0.001 - 5) 
gammaJohnson =  0.33960 +/- 0.022941 L(-5 - 5) 
deltaJohnson =  1.1235 +/- 0.032869 L(0.01 - 10) 
