lambdaJohnson =  0.088545 +/- 0.0033573 L(0.001 - 5) 
gammaJohnson =  0.37940 +/- 0.023162 L(-5 - 5) 
deltaJohnson =  1.0355 +/- 0.030574 L(0.01 - 10) 
