lambdaJohnson =  0.13140 +/- 0.015167 L(0.001 - 2) 
gammaJohnson =  0.51158 +/- 0.075064 L(0 - 2) 
deltaJohnson =  1.3700 +/- 0.13023 L(0.01 - 10) 
