lambdaJohnson =  0.10199 +/- 0.014307 L(0.001 - 5) 
gammaJohnson =  0.34500 +/- 0.095754 L(-5 - 5) 
deltaJohnson =  1.1744 +/- 0.12654 L(0.01 - 10) 
