lambdaJohnson =  0.089121 +/- 0.0047408 L(0.001 - 5) 
gammaJohnson =  0.37425 +/- 0.033790 L(-5 - 5) 
deltaJohnson =  1.0585 +/- 0.044258 L(0.01 - 10) 
