lambdaJohnson =  0.11906 +/- 0.0071680 L(0.001 - 2) 
gammaJohnson =  0.32238 +/- 0.040390 L(0 - 2) 
deltaJohnson =  1.2019 +/- 0.058322 L(0.01 - 10) 
