lambdaJohnson =  0.13405 +/- 0.019560 L(0.001 - 2) 
gammaJohnson =  0.44652 +/- 0.078585 L(0 - 2) 
deltaJohnson =  1.3557 +/- 0.16225 L(0.01 - 10) 
