lambdaJohnson =  0.097827 +/- 0.0052394 L(0.001 - 2) 
gammaJohnson =  0.31306 +/- 0.037584 L(0 - 2) 
deltaJohnson =  1.1764 +/- 0.050290 L(0.01 - 10) 
