lambdaJohnson =  0.096699 +/- 0.015727 L(0.001 - 5) 
gammaJohnson =  0.28810 +/- 0.10631 L(-5 - 5) 
deltaJohnson =  1.1546 +/- 0.15238 L(0.01 - 10) 
