lambdaJohnson =  0.095967 +/- 0.0035844 L(0.001 - 5) 
gammaJohnson =  0.35543 +/- 0.022325 L(-5 - 5) 
deltaJohnson =  1.1199 +/- 0.032819 L(0.01 - 10) 
