lambdaJohnson =  0.12568 +/- 0.019615 L(0.001 - 2) 
gammaJohnson =  0.32716 +/- 0.12647 L(0 - 2) 
deltaJohnson =  1.2851 +/- 0.16044 L(0.01 - 10) 
