lambdaJohnson =  0.11521 +/- 0.012306 L(0.001 - 2) 
gammaJohnson =  0.38425 +/- 0.070276 L(0 - 2) 
deltaJohnson =  1.2133 +/- 0.10696 L(0.01 - 10) 
