lambdaJohnson =  0.13456 +/- 0.0089825 L(0.001 - 5) 
gammaJohnson =  0.41851 +/- 0.045590 L(-5 - 5) 
deltaJohnson =  1.3044 +/- 0.072839 L(0.01 - 10) 
