lambdaJohnson =  0.12966 +/- 0.016460 L(0.001 - 2) 
gammaJohnson =  0.39296 +/- 0.084471 L(0 - 2) 
deltaJohnson =  1.2997 +/- 0.13792 L(0.01 - 10) 
