lambdaJohnson =  0.11021 +/- 0.0061774 L(0.001 - 2) 
gammaJohnson =  0.37596 +/- 0.037782 L(0 - 2) 
deltaJohnson =  1.2356 +/- 0.055563 L(0.01 - 10) 
