lambdaJohnson =  0.10558 +/- 0.0059941 L(0.001 - 5) 
gammaJohnson =  0.31618 +/- 0.038345 L(-5 - 5) 
deltaJohnson =  1.1839 +/- 0.054487 L(0.01 - 10) 
