lambdaJohnson =  0.13850 +/- 0.013031 L(0.001 - 2) 
gammaJohnson =  0.29637 +/- 0.063634 L(0 - 2) 
deltaJohnson =  1.2764 +/- 0.10088 L(0.01 - 10) 
