lambdaJohnson =  0.11761 +/- 0.0069519 L(0.001 - 5) 
gammaJohnson =  0.40270 +/- 0.040303 L(-5 - 5) 
deltaJohnson =  1.2681 +/- 0.060517 L(0.01 - 10) 
