lambdaJohnson =  0.10353 +/- 0.0098633 L(0.001 - 2) 
gammaJohnson =  0.32270 +/- 0.060392 L(0 - 2) 
deltaJohnson =  1.0910 +/- 0.080891 L(0.01 - 10) 
