lambdaJohnson =  0.13713 +/- 0.0090829 L(0.001 - 5) 
gammaJohnson =  0.44465 +/- 0.046632 L(-5 - 5) 
deltaJohnson =  1.3330 +/- 0.073448 L(0.01 - 10) 
