lambdaJohnson =  0.13008 +/- 0.022546 L(0.001 - 5) 
gammaJohnson =  0.60761 +/- 0.16523 L(-5 - 5) 
deltaJohnson =  1.4471 +/- 0.20866 L(0.01 - 10) 
