lambdaJohnson =  0.093903 +/- 0.0037939 L(0.001 - 5) 
gammaJohnson =  0.29902 +/- 0.025207 L(-5 - 5) 
deltaJohnson =  1.0756 +/- 0.034045 L(0.01 - 10) 
