lambdaJohnson =  0.10067 +/- 0.0061975 L(0.001 - 5) 
gammaJohnson =  0.28355 +/- 0.035711 L(-5 - 5) 
deltaJohnson =  1.1489 +/- 0.055312 L(0.01 - 10) 
