lambdaJohnson =  0.11587 +/- 0.022409 L(0.001 - 2) 
gammaJohnson =  0.41173 +/- 0.11920 L(0 - 2) 
deltaJohnson =  1.2498 +/- 0.20036 L(0.01 - 10) 
