lambdaJohnson =  0.092620 +/- 0.0046949 L(0.001 - 5) 
gammaJohnson =  0.36915 +/- 0.035172 L(-5 - 5) 
deltaJohnson =  1.1225 +/- 0.044552 L(0.01 - 10) 
