lambdaJohnson =  0.11845 +/- 0.0077918 L(0.001 - 2) 
gammaJohnson =  0.35234 +/- 0.038611 L(0 - 2) 
deltaJohnson =  1.1864 +/- 0.062360 L(0.01 - 10) 
