lambdaJohnson =  0.14015 +/- 0.011273 L(0.001 - 2) 
gammaJohnson =  0.32797 +/- 0.051935 L(0 - 2) 
deltaJohnson =  1.3621 +/- 0.087157 L(0.01 - 10) 
