lambdaJohnson =  0.10181 +/- 0.0069716 L(0.001 - 5) 
gammaJohnson =  0.34544 +/- 0.042194 L(-5 - 5) 
deltaJohnson =  1.1860 +/- 0.064771 L(0.01 - 10) 
