lambdaJohnson =  0.087607 +/- 0.0029653 L(0.001 - 5) 
gammaJohnson =  0.34078 +/- 0.022367 L(-5 - 5) 
deltaJohnson =  1.0411 +/- 0.027319 L(0.01 - 10) 
