lambdaJohnson =  0.13479 +/- 0.011540 L(0.001 - 5) 
gammaJohnson =  0.36141 +/- 0.060637 L(-5 - 5) 
deltaJohnson =  1.2972 +/- 0.090582 L(0.01 - 10) 
