lambdaJohnson =  0.11037 +/- 0.0058662 L(0.001 - 2) 
gammaJohnson =  0.30992 +/- 0.031391 L(0 - 2) 
deltaJohnson =  1.1301 +/- 0.047286 L(0.01 - 10) 
