lambdaJohnson =  0.12422 +/- 0.0094468 L(0.001 - 2) 
gammaJohnson =  0.37880 +/- 0.046818 L(0 - 2) 
deltaJohnson =  1.2705 +/- 0.079231 L(0.01 - 10) 
