lambdaJohnson =  0.12198 +/- 0.013590 L(0.001 - 2) 
gammaJohnson =  0.26568 +/- 0.069684 L(0 - 2) 
deltaJohnson =  1.2126 +/- 0.11000 L(0.01 - 10) 
