lambdaJohnson =  0.11093 +/- 0.013941 L(0.001 - 5) 
gammaJohnson =  0.36537 +/- 0.065575 L(-5 - 5) 
deltaJohnson =  1.1578 +/- 0.11066 L(0.01 - 10) 
