lambdaJohnson =  0.10094 +/- 0.014977 L(0.001 - 5) 
gammaJohnson =  0.42056 +/- 0.10465 L(-5 - 5) 
deltaJohnson =  1.1605 +/- 0.13167 L(0.01 - 10) 
