lambdaJohnson =  0.11685 +/- 0.0062471 L(0.001 - 2) 
gammaJohnson =  0.34587 +/- 0.034094 L(0 - 2) 
deltaJohnson =  1.1631 +/- 0.050170 L(0.01 - 10) 
