lambdaJohnson =  0.13725 +/- 0.012036 L(0.001 - 5) 
gammaJohnson =  0.45958 +/- 0.062286 L(-5 - 5) 
deltaJohnson =  1.3035 +/- 0.092870 L(0.01 - 10) 
