lambdaJohnson =  0.10721 +/- 0.012060 L(0.001 - 2) 
gammaJohnson =  0.38589 +/- 0.072908 L(0 - 2) 
deltaJohnson =  1.1645 +/- 0.10473 L(0.01 - 10) 
