lambdaJohnson =  0.11545 +/- 0.0064116 L(0.001 - 2) 
gammaJohnson =  0.28065 +/- 0.032828 L(0 - 2) 
deltaJohnson =  1.1709 +/- 0.051710 L(0.01 - 10) 
