lambdaJohnson =  0.12329 +/- 0.020203 L(0.001 - 5) 
gammaJohnson =  0.45749 +/- 0.093782 L(-5 - 5) 
deltaJohnson =  1.3292 +/- 0.18362 L(0.01 - 10) 
