lambdaJohnson =  0.12080 +/- 0.012688 L(0.001 - 2) 
gammaJohnson =  0.42094 +/- 0.075567 L(0 - 2) 
deltaJohnson =  1.2825 +/- 0.10991 L(0.01 - 10) 
