lambdaJohnson =  0.11225 +/- 0.0064151 L(0.001 - 5) 
gammaJohnson =  0.31743 +/- 0.039560 L(-5 - 5) 
deltaJohnson =  1.1884 +/- 0.055372 L(0.01 - 10) 
