lambdaJohnson =  0.10100 +/- 0.0069736 L(0.001 - 5) 
gammaJohnson =  0.36844 +/- 0.042140 L(-5 - 5) 
deltaJohnson =  1.1758 +/- 0.064435 L(0.01 - 10) 
