lambdaJohnson =  0.11721 +/- 0.013259 L(0.001 - 2) 
gammaJohnson =  0.32343 +/- 0.071624 L(0 - 2) 
deltaJohnson =  1.2337 +/- 0.11144 L(0.01 - 10) 
