lambdaJohnson =  0.10348 +/- 0.0076575 L(0.001 - 5) 
gammaJohnson =  0.31598 +/- 0.057281 L(-5 - 5) 
deltaJohnson =  1.1465 +/- 0.070119 L(0.01 - 10) 
