lambdaJohnson =  0.11467 +/- 0.012270 L(0.001 - 2) 
gammaJohnson =  0.36530 +/- 0.068311 L(0 - 2) 
deltaJohnson =  1.2177 +/- 0.10224 L(0.01 - 10) 
