lambdaJohnson =  0.12949 +/- 0.0087597 L(0.001 - 2) 
gammaJohnson =  0.27884 +/- 0.044804 L(0 - 2) 
deltaJohnson =  1.2250 +/- 0.067262 L(0.01 - 10) 
