lambdaJohnson =  0.11237 +/- 0.011550 L(0.001 - 2) 
gammaJohnson =  0.22349 +/- 0.066446 L(0 - 2) 
deltaJohnson =  1.1842 +/- 0.096805 L(0.01 - 10) 
