lambdaJohnson =  0.15715 +/- 0.013669 L(0.001 - 2) 
gammaJohnson =  0.31901 +/- 0.055979 L(0 - 2) 
deltaJohnson =  1.4151 +/- 0.10110 L(0.01 - 10) 
