lambdaJohnson =  0.13713 +/- 0.0097366 L(0.001 - 2) 
gammaJohnson =  0.42216 +/- 0.046399 L(0 - 2) 
deltaJohnson =  1.3343 +/- 0.077592 L(0.01 - 10) 
