lambdaJohnson =  0.12675 +/- 0.018195 L(0.001 - 5) 
gammaJohnson =  0.48946 +/- 0.098783 L(-5 - 5) 
deltaJohnson =  1.2526 +/- 0.15024 L(0.01 - 10) 
