lambdaJohnson =  0.10667 +/- 0.0063216 L(0.001 - 5) 
gammaJohnson =  0.29575 +/- 0.039287 L(-5 - 5) 
deltaJohnson =  1.2187 +/- 0.057061 L(0.01 - 10) 
