lambdaJohnson =  0.095715 +/- 0.0050071 L(0.001 - 2) 
gammaJohnson =  0.34530 +/- 0.031250 L(0 - 2) 
deltaJohnson =  1.1254 +/- 0.045368 L(0.01 - 10) 
