lambdaJohnson =  0.093444 +/- 0.0048244 L(0.001 - 2) 
gammaJohnson =  0.33301 +/- 0.031348 L(0 - 2) 
deltaJohnson =  1.1003 +/- 0.043471 L(0.01 - 10) 
