lambdaJohnson =  0.11319 +/- 0.013290 L(0.001 - 2) 
gammaJohnson =  0.37940 +/- 0.058971 L(0 - 2) 
deltaJohnson =  1.1272 +/- 0.10266 L(0.01 - 10) 
