lambdaJohnson =  0.10037 +/- 0.0045737 L(0.001 - 2) 
gammaJohnson =  0.35721 +/- 0.028713 L(0 - 2) 
deltaJohnson =  1.1434 +/- 0.042085 L(0.01 - 10) 
