lambdaJohnson =  0.12150 +/- 0.0078468 L(0.001 - 2) 
gammaJohnson =  0.38846 +/- 0.039931 L(0 - 2) 
deltaJohnson =  1.2124 +/- 0.062181 L(0.01 - 10) 
