lambdaJohnson =  0.11283 +/- 0.012282 L(0.001 - 5) 
gammaJohnson =  0.31644 +/- 0.073390 L(-5 - 5) 
deltaJohnson =  1.2022 +/- 0.10317 L(0.01 - 10) 
