lambdaJohnson =  0.095337 +/- 0.0054601 L(0.001 - 5) 
gammaJohnson =  0.23366 +/- 0.035204 L(-5 - 5) 
deltaJohnson =  1.1179 +/- 0.049540 L(0.01 - 10) 
