lambdaJohnson =  0.096283 +/- 0.011937 L(0.001 - 2) 
gammaJohnson =  0.29045 +/- 0.061443 L(0 - 2) 
deltaJohnson =  1.0701 +/- 0.10233 L(0.01 - 10) 
