lambdaJohnson =  0.11173 +/- 0.020389 L(0.001 - 2) 
gammaJohnson =  0.26625 +/- 0.12775 L(0 - 2) 
deltaJohnson =  1.1943 +/- 0.17350 L(0.01 - 10) 
