lambdaJohnson =  0.13086 +/- 0.0081467 L(0.001 - 5) 
gammaJohnson =  0.42737 +/- 0.042840 L(-5 - 5) 
deltaJohnson =  1.2688 +/- 0.064710 L(0.01 - 10) 
