lambdaJohnson =  0.089261 +/- 0.0031085 L(0.001 - 2) 
gammaJohnson =  0.35679 +/- 0.023005 L(0 - 2) 
deltaJohnson =  1.0935 +/- 0.029641 L(0.01 - 10) 
