lambdaJohnson =  0.098498 +/- 0.0041527 L(0.001 - 2) 
gammaJohnson =  0.37155 +/- 0.026591 L(0 - 2) 
deltaJohnson =  1.1296 +/- 0.037642 L(0.01 - 10) 
