lambdaJohnson =  0.097359 +/- 0.010639 L(0.001 - 2) 
gammaJohnson =  0.32144 +/- 0.060005 L(0 - 2) 
deltaJohnson =  1.0808 +/- 0.092430 L(0.01 - 10) 
