lambdaJohnson =  0.12754 +/- 0.011259 L(0.001 - 5) 
gammaJohnson =  0.32217 +/- 0.057756 L(-5 - 5) 
deltaJohnson =  1.2493 +/- 0.089189 L(0.01 - 10) 
