lambdaJohnson =  0.11250 +/- 0.0067748 L(0.001 - 5) 
gammaJohnson =  0.41791 +/- 0.039740 L(-5 - 5) 
deltaJohnson =  1.2455 +/- 0.060366 L(0.01 - 10) 
