lambdaJohnson =  0.099730 +/- 0.015885 L(0.001 - 5) 
gammaJohnson =  0.36847 +/- 0.10175 L(-5 - 5) 
deltaJohnson =  1.1411 +/- 0.14004 L(0.01 - 10) 
