lambdaJohnson =  0.10600 +/- 0.010907 L(0.001 - 5) 
gammaJohnson =  0.45104 +/- 0.069740 L(-5 - 5) 
deltaJohnson =  1.2014 +/- 0.095093 L(0.01 - 10) 
