lambdaJohnson =  0.13053 +/- 0.014192 L(0.001 - 2) 
gammaJohnson =  0.49826 +/- 0.073468 L(0 - 2) 
deltaJohnson =  1.3298 +/- 0.11801 L(0.01 - 10) 
