lambdaJohnson =  0.094671 +/- 0.0048504 L(0.001 - 2) 
gammaJohnson =  0.33637 +/- 0.032400 L(0 - 2) 
deltaJohnson =  1.1196 +/- 0.044539 L(0.01 - 10) 
