lambdaJohnson =  0.097322 +/- 0.0038065 L(0.001 - 5) 
gammaJohnson =  0.31956 +/- 0.024061 L(-5 - 5) 
deltaJohnson =  1.1196 +/- 0.034787 L(0.01 - 10) 
