lambdaJohnson =  0.097711 +/- 0.011049 L(0.001 - 2) 
gammaJohnson =  0.46520 +/- 0.075159 L(0 - 2) 
deltaJohnson =  1.1374 +/- 0.10239 L(0.01 - 10) 
