lambdaJohnson =  0.096104 +/- 0.0057477 L(0.001 - 5) 
gammaJohnson =  0.41191 +/- 0.043436 L(-5 - 5) 
deltaJohnson =  1.1369 +/- 0.054954 L(0.01 - 10) 
