lambdaJohnson =  0.11656 +/- 0.011938 L(0.001 - 2) 
gammaJohnson =  0.30684 +/- 0.065539 L(0 - 2) 
deltaJohnson =  1.1648 +/- 0.094054 L(0.01 - 10) 
