lambdaJohnson =  0.10582 +/- 0.0052725 L(0.001 - 2) 
gammaJohnson =  0.35388 +/- 0.040230 L(0 - 2) 
deltaJohnson =  1.1885 +/- 0.048592 L(0.01 - 10) 
