lambdaJohnson =  0.12256 +/- 0.012619 L(0.001 - 2) 
gammaJohnson =  0.34928 +/- 0.070156 L(0 - 2) 
deltaJohnson =  1.2871 +/- 0.10589 L(0.01 - 10) 
