lambdaJohnson =  0.094479 +/- 0.014180 L(0.001 - 5) 
gammaJohnson =  0.31830 +/- 0.10834 L(-5 - 5) 
deltaJohnson =  1.0443 +/- 0.12564 L(0.01 - 10) 
