lambdaJohnson =  0.10639 +/- 0.012867 L(0.001 - 2) 
gammaJohnson =  0.43326 +/- 0.091022 L(0 - 2) 
deltaJohnson =  1.1463 +/- 0.11642 L(0.01 - 10) 
