lambdaJohnson =  0.092303 +/- 0.0047024 L(0.001 - 2) 
gammaJohnson =  0.32496 +/- 0.032855 L(0 - 2) 
deltaJohnson =  1.1255 +/- 0.043543 L(0.01 - 10) 
