lambdaJohnson =  0.093065 +/- 0.0033372 L(0.001 - 2) 
gammaJohnson =  0.35178 +/- 0.024078 L(0 - 2) 
deltaJohnson =  1.1124 +/- 0.031460 L(0.01 - 10) 
