lambdaJohnson =  0.098603 +/- 0.0086546 L(0.001 - 5) 
gammaJohnson =  0.43246 +/- 0.063432 L(-5 - 5) 
deltaJohnson =  1.0910 +/- 0.074055 L(0.01 - 10) 
