lambdaJohnson =  0.12733 +/- 0.0093281 L(0.001 - 5) 
gammaJohnson =  0.38691 +/- 0.048475 L(-5 - 5) 
deltaJohnson =  1.2776 +/- 0.076909 L(0.01 - 10) 
