lambdaJohnson =  0.11401 +/- 0.0091449 L(0.001 - 5) 
gammaJohnson =  0.29842 +/- 0.050567 L(-5 - 5) 
deltaJohnson =  1.1573 +/- 0.072904 L(0.01 - 10) 
