lambdaJohnson =  0.12440 +/- 0.0078177 L(0.001 - 5) 
gammaJohnson =  0.35435 +/- 0.043253 L(-5 - 5) 
deltaJohnson =  1.2450 +/- 0.063928 L(0.01 - 10) 
