lambdaJohnson =  0.11266 +/- 0.017721 L(0.001 - 5) 
gammaJohnson =  0.39845 +/- 0.12565 L(-5 - 5) 
deltaJohnson =  1.2856 +/- 0.16245 L(0.01 - 10) 
