lambdaJohnson =  0.095081 +/- 0.0039246 L(0.001 - 2) 
gammaJohnson =  0.31545 +/- 0.026341 L(0 - 2) 
deltaJohnson =  1.0914 +/- 0.035537 L(0.01 - 10) 
