lambdaJohnson =  0.10933 +/- 0.0061849 L(0.001 - 2) 
gammaJohnson =  0.41776 +/- 0.038293 L(0 - 2) 
deltaJohnson =  1.2448 +/- 0.056385 L(0.01 - 10) 
