lambdaJohnson =  0.10625 +/- 0.0056231 L(0.001 - 2) 
gammaJohnson =  0.30998 +/- 0.031241 L(0 - 2) 
deltaJohnson =  1.0803 +/- 0.045059 L(0.01 - 10) 
