lambdaJohnson =  0.11009 +/- 0.014078 L(0.001 - 2) 
gammaJohnson =  0.32040 +/- 0.074373 L(0 - 2) 
deltaJohnson =  1.2026 +/- 0.12185 L(0.01 - 10) 
