lambdaJohnson =  0.099414 +/- 0.0043295 L(0.001 - 2) 
gammaJohnson =  0.32025 +/- 0.025697 L(0 - 2) 
deltaJohnson =  1.1724 +/- 0.040328 L(0.01 - 10) 
