lambdaJohnson =  0.098049 +/- 0.011074 L(0.001 - 2) 
gammaJohnson =  0.30989 +/- 0.076642 L(0 - 2) 
deltaJohnson =  1.1135 +/- 0.10245 L(0.01 - 10) 
