lambdaJohnson =  0.10342 +/- 0.0097664 L(0.001 - 5) 
gammaJohnson =  0.51765 +/- 0.067661 L(-5 - 5) 
deltaJohnson =  1.1648 +/- 0.087835 L(0.01 - 10) 
