lambdaJohnson =  0.11835 +/- 0.0074035 L(0.001 - 5) 
gammaJohnson =  0.40320 +/- 0.042974 L(-5 - 5) 
deltaJohnson =  1.2836 +/- 0.066447 L(0.01 - 10) 
