lambdaJohnson =  0.097173 +/- 0.0052155 L(0.001 - 5) 
gammaJohnson =  0.33136 +/- 0.032276 L(-5 - 5) 
deltaJohnson =  1.1271 +/- 0.047104 L(0.01 - 10) 
