lambdaJohnson =  0.13034 +/- 0.016748 L(0.001 - 2) 
gammaJohnson =  0.35357 +/- 0.084906 L(0 - 2) 
deltaJohnson =  1.3484 +/- 0.14496 L(0.01 - 10) 
