lambdaJohnson =  0.14037 +/- 0.012146 L(0.001 - 2) 
gammaJohnson =  0.25455 +/- 0.057387 L(0 - 2) 
deltaJohnson =  1.3169 +/- 0.094389 L(0.01 - 10) 
