lambdaJohnson =  0.12836 +/- 0.0076359 L(0.001 - 5) 
gammaJohnson =  0.36612 +/- 0.043610 L(-5 - 5) 
deltaJohnson =  1.2445 +/- 0.060919 L(0.01 - 10) 
