lambdaJohnson =  0.11548 +/- 0.0062889 L(0.001 - 5) 
gammaJohnson =  0.43694 +/- 0.040468 L(-5 - 5) 
deltaJohnson =  1.2481 +/- 0.055455 L(0.01 - 10) 
