lambdaJohnson =  0.12607 +/- 0.010831 L(0.001 - 5) 
gammaJohnson =  0.28423 +/- 0.053888 L(-5 - 5) 
deltaJohnson =  1.2484 +/- 0.084954 L(0.01 - 10) 
