lambdaJohnson =  0.11027 +/- 0.012333 L(0.001 - 5) 
gammaJohnson =  0.45550 +/- 0.077529 L(-5 - 5) 
deltaJohnson =  1.2319 +/- 0.10982 L(0.01 - 10) 
