lambdaJohnson =  0.12511 +/- 0.0073377 L(0.001 - 5) 
gammaJohnson =  0.35111 +/- 0.039591 L(-5 - 5) 
deltaJohnson =  1.2283 +/- 0.059120 L(0.01 - 10) 
