lambdaJohnson =  0.11549 +/- 0.0069337 L(0.001 - 5) 
gammaJohnson =  0.36994 +/- 0.041338 L(-5 - 5) 
deltaJohnson =  1.2378 +/- 0.061064 L(0.01 - 10) 
