lambdaJohnson =  0.097560 +/- 0.0039436 L(0.001 - 5) 
gammaJohnson =  0.37191 +/- 0.027320 L(-5 - 5) 
deltaJohnson =  1.1226 +/- 0.035925 L(0.01 - 10) 
