lambdaJohnson =  0.097731 +/- 0.0040024 L(0.001 - 5) 
gammaJohnson =  0.35370 +/- 0.023612 L(-5 - 5) 
deltaJohnson =  1.1143 +/- 0.035351 L(0.01 - 10) 
