lambdaJohnson =  0.10678 +/- 0.0061918 L(0.001 - 5) 
gammaJohnson =  0.40353 +/- 0.039127 L(-5 - 5) 
deltaJohnson =  1.2018 +/- 0.056409 L(0.01 - 10) 
