lambdaJohnson =  0.10198 +/- 0.0054436 L(0.001 - 5) 
gammaJohnson =  0.34939 +/- 0.034440 L(-5 - 5) 
deltaJohnson =  1.1973 +/- 0.049432 L(0.01 - 10) 
