lambdaJohnson =  0.11596 +/- 0.0068327 L(0.001 - 5) 
gammaJohnson =  0.45755 +/- 0.039020 L(-5 - 5) 
deltaJohnson =  1.2925 +/- 0.062527 L(0.01 - 10) 
