lambdaJohnson =  0.10527 +/- 0.0088106 L(0.001 - 5) 
gammaJohnson =  0.31225 +/- 0.050289 L(-5 - 5) 
deltaJohnson =  1.1584 +/- 0.077292 L(0.01 - 10) 
