lambdaJohnson =  0.12120 +/- 0.013030 L(0.001 - 2) 
gammaJohnson =  0.49247 +/- 0.086256 L(0 - 2) 
deltaJohnson =  1.2312 +/- 0.11020 L(0.01 - 10) 
