lambdaJohnson =  0.13723 +/- 0.0098353 L(0.001 - 5) 
gammaJohnson =  0.36118 +/- 0.051263 L(-5 - 5) 
deltaJohnson =  1.3127 +/- 0.078033 L(0.01 - 10) 
