alphaInf =  1.2941 +/- 0.035225 L(0.1 - 10) 
orderInf =  2.8236 +/- 0.17042 L(0.1 - 10) 
alphaSup =  1.4527 +/- 0.046748 L(0.1 - 10) 
orderSup =  12.437 +/- 2.2983 L(0.1 - 40) 
