alphaInf =  1.3397 +/- 0.21862 L(0.1 - 10) 
orderInf =  2.7684 +/- 1.0375 L(0.1 - 10) 
alphaSup =  1.4611 +/- 0.33018 L(0.1 - 10) 
orderSup =  16.271 +/- 26.886 L(0.1 - 40) 
