alphaInf =  1.2991 +/- 0.055914 L(0.1 - 10) 
orderInf =  2.5080 +/- 0.21364 L(0.1 - 10) 
alphaSup =  1.3113 +/- 0.16954 L(0.1 - 10) 
orderSup =  21.166 +/- 27.333 L(0.1 - 40) 
