alphaInf =  1.3246 +/- 0.062296 L(0.1 - 10) 
orderInf =  1.8682 +/- 0.14141 L(0.1 - 10) 
alphaSup =  1.3782 +/- 0.093816 L(0.1 - 10) 
orderSup =  6.8258 +/- 1.2266 L(0.1 - 40) 
