alphaInf =  1.3226 +/- 0.063554 L(0.1 - 10) 
orderInf =  1.8174 +/- 0.14470 L(0.1 - 10) 
alphaSup =  1.4273 +/- 0.085861 L(0.1 - 10) 
orderSup =  4.9686 +/- 0.65173 L(0.1 - 40) 
