alphaInf =  1.1172 +/- 0.013673 L(0.1 - 10) 
orderInf =  4.7167 +/- 0.34595 L(0.1 - 10) 
alphaSup =  1.9651 +/- 3.3828 L(0.1 - 10) 
orderSup =  5.4283 +/- 57.579 L(0.1 - 40) 
