alphaInf =  1.4005 +/- 0.020890 L(0.1 - 10) 
orderInf =  2.3105 +/- 0.077548 L(0.1 - 10) 
alphaSup =  1.3898 +/- 0.027869 L(0.1 - 10) 
orderSup =  13.935 +/- 2.0641 L(0.1 - 40) 
