alphaInf =  1.2575 +/- 0.024728 L(0.1 - 10) 
orderInf =  3.0803 +/- 0.13089 L(0.1 - 10) 
alphaSup =  1.2569 +/- 0.029087 L(0.1 - 10) 
orderSup =  19.807 +/- 4.1120 L(0.1 - 40) 
