alphaInf =  1.3835 +/- 0.0092340 L(0.1 - 10) 
orderInf =  2.4107 +/- 0.035346 L(0.1 - 10) 
alphaSup =  1.3660 +/- 0.013703 L(0.1 - 10) 
orderSup =  14.141 +/- 1.0336 L(0.1 - 40) 
