alphaInf =  1.2584 +/- 0.025033 L(0.1 - 10) 
orderInf =  3.0856 +/- 0.13256 L(0.1 - 10) 
alphaSup =  1.2557 +/- 0.032789 L(0.1 - 10) 
orderSup =  21.505 +/- 5.6760 L(0.1 - 40) 
