alphaInf =  1.3994 +/- 0.13756 L(0.1 - 10) 
orderInf =  2.2577 +/- 0.42379 L(0.1 - 10) 
alphaSup =  1.3846 +/- 0.13732 L(0.1 - 10) 
orderSup =  9.7171 +/- 4.0910 L(0.1 - 40) 
