alphaInf =  1.3915 +/- 0.20537 L(0.1 - 10) 
orderInf =  2.3452 +/- 0.72636 L(0.1 - 10) 
alphaSup =  1.3807 +/- 0.14493 L(0.1 - 10) 
orderSup =  12.127 +/- 9.3104 L(0.1 - 40) 
