alphaInf =  1.3046 +/- 0.18347 L(0.1 - 10) 
orderInf =  2.5801 +/- 0.56486 L(0.1 - 10) 
alphaSup =  1.8947 +/- 18.178 L(0.1 - 10) 
orderSup =  10.912 +/- 261871 L(0.1 - 40) 
