alphaInf =  1.3224 +/-  (-0.0011321, 0.0011333) L(0.1 - 10) 
orderInf =  2.6437 +/-  (-0.0045768, 0.0045873) L(0.1 - 10) 
alphaSup =  1.3474 +/-  (-0.0015451, 0.0015511) L(0.1 - 10) 
orderSup =  22.137 +/-  (-0.22457, 0.22816) L(0.1 - 40) 
