alphaInf =  1.2597 +/- 0.069185 L(0.1 - 10) 
orderInf =  2.8386 +/- 0.27664 L(0.1 - 10) 
alphaSup =  1.2348 +/- 0.21675 L(0.1 - 10) 
orderSup =  25.434 +/- 46.139 L(0.1 - 40) 
