alphaInf =  1.3696 +/- 0.025580 L(0.1 - 10) 
orderInf =  2.4271 +/- 0.099212 L(0.1 - 10) 
alphaSup =  1.3346 +/- 0.030119 L(0.1 - 10) 
orderSup =  16.747 +/- 3.3034 L(0.1 - 40) 
