alphaInf =  1.3772 +/- 0.025087 L(0.1 - 10) 
orderInf =  2.3920 +/- 0.094742 L(0.1 - 10) 
alphaSup =  1.3323 +/- 0.034872 L(0.1 - 10) 
orderSup =  17.187 +/- 4.1961 L(0.1 - 40) 
