alphaInf =  1.3667 +/- 0.031678 L(0.1 - 10) 
orderInf =  2.4957 +/- 0.10472 L(0.1 - 10) 
alphaSup =  1.3124 +/- 0.11638 L(0.1 - 10) 
orderSup =  19.959 +/- 15.758 L(0.1 - 40) 
