alphaInf =  1.3023 +/- 0.23273 L(0.1 - 10) 
orderInf =  2.3149 +/- 0.56631 L(0.1 - 10) 
alphaSup =  1.2398 +/- 0.23124 L(0.1 - 10) 
orderSup =  40.000 +/- 0.000042204 L(0.1 - 40) 
