alphaInf =  1.2166 +/- 0.061240 L(0.1 - 10) 
orderInf =  2.9751 +/- 0.29661 L(0.1 - 10) 
alphaSup =  1.1645 +/- 0.054803 L(0.1 - 10) 
orderSup =  40.000 +/- 0.014887 L(0.1 - 40) 
