alphaInf =  1.3331 +/- 0.025554 L(0.1 - 10) 
orderInf =  2.6500 +/- 0.11089 L(0.1 - 10) 
alphaSup =  1.3125 +/- 0.032619 L(0.1 - 10) 
orderSup =  14.025 +/- 2.5079 L(0.1 - 40) 
