alphaInf =  1.4604 +/- 0.019065 L(0.1 - 10) 
orderInf =  2.1116 +/- 0.062507 L(0.1 - 10) 
alphaSup =  1.4372 +/- 0.024990 L(0.1 - 10) 
orderSup =  12.927 +/- 1.5150 L(0.1 - 40) 
