alphaInf =  1.1864 +/- 0.058924 L(0.1 - 10) 
orderInf =  2.1545 +/- 0.16255 L(0.1 - 10) 
alphaSup =  1.2123 +/- 0.071253 L(0.1 - 10) 
orderSup =  7.1449 +/- 1.1882 L(0.1 - 40) 
