alphaInf =  1.2263 +/- 0.022746 L(0.1 - 10) 
orderInf =  2.0370 +/- 0.056113 L(0.1 - 10) 
alphaSup =  1.2778 +/- 0.029487 L(0.1 - 10) 
orderSup =  7.0790 +/- 0.42643 L(0.1 - 40) 
