alphaInf =  1.4552 +/- 0.017922 L(0.1 - 10) 
orderInf =  2.0958 +/- 0.059655 L(0.1 - 10) 
alphaSup =  1.4529 +/- 0.026794 L(0.1 - 10) 
orderSup =  10.954 +/- 1.2307 L(0.1 - 40) 
