alphaInf =  1.3600 +/- 0.0089950 L(0.1 - 10) 
orderInf =  2.5020 +/- 0.036107 L(0.1 - 10) 
alphaSup =  1.3511 +/- 0.010993 L(0.1 - 10) 
orderSup =  15.074 +/- 0.91748 L(0.1 - 40) 
