alphaInf =  1.3896 +/- 0.026553 L(0.1 - 10) 
orderInf =  2.3580 +/- 0.096038 L(0.1 - 10) 
alphaSup =  1.3791 +/- 0.044799 L(0.1 - 10) 
orderSup =  13.072 +/- 2.8571 L(0.1 - 40) 
