alphaInf =  1.3429 +/- 0.12552 L(0.1 - 10) 
orderInf =  2.8173 +/- 0.36903 L(0.1 - 10) 
alphaSup =  1.3266 +/- 0.60559 L(0.1 - 10) 
orderSup =  31.249 +/- 191.90 L(0.1 - 40) 
