alphaInf =  1.1052 +/- 0.070780 L(0.1 - 10) 
orderInf =  2.5088 +/- 0.21403 L(0.1 - 10) 
alphaSup =  1.1407 +/- 0.085572 L(0.1 - 10) 
orderSup =  8.9851 +/- 1.8205 L(0.1 - 40) 
