alphaInf =  1.0876 +/- 0.081796 L(0.1 - 10) 
orderInf =  2.3591 +/- 0.24669 L(0.1 - 10) 
alphaSup =  1.3355 +/- 0.10122 L(0.1 - 10) 
orderSup =  6.3670 +/- 1.0614 L(0.1 - 40) 
