alphaInf =  1.4272 +/- 0.13194 L(0.1 - 10) 
orderInf =  2.1664 +/- 0.39315 L(0.1 - 10) 
alphaSup =  1.3799 +/- 0.14011 L(0.1 - 10) 
orderSup =  11.171 +/- 5.8203 L(0.1 - 40) 
