alphaInf =  1.3156 +/- 0.020477 L(0.1 - 10) 
orderInf =  2.8423 +/- 0.097850 L(0.1 - 10) 
alphaSup =  1.3132 +/- 0.028806 L(0.1 - 10) 
orderSup =  19.171 +/- 3.9533 L(0.1 - 40) 
