alphaInf =  1.4238 +/- 0.021862 L(0.1 - 10) 
orderInf =  2.2053 +/- 0.076674 L(0.1 - 10) 
alphaSup =  1.4218 +/- 0.025829 L(0.1 - 10) 
orderSup =  11.458 +/- 1.2251 L(0.1 - 40) 
