alphaInf =  1.3549 +/- 0.11058 L(0.1 - 10) 
orderInf =  2.3806 +/- 0.42374 L(0.1 - 10) 
alphaSup =  1.3894 +/- 0.090189 L(0.1 - 10) 
orderSup =  11.855 +/- 4.6659 L(0.1 - 40) 
