alphaInf =  1.3994 +/-  (-0.0016731, 0.0016775) L(0.1 - 10) 
orderInf =  2.2577 +/-  (-0.0054283, 0.0054157) L(0.1 - 10) 
alphaSup =  1.3846 +/-  (-0.0021519, 0.0021907) L(0.1 - 10) 
orderSup =  9.7171 +/-  (-0.068774, 0.067369) L(0.1 - 40) 
