alphaInf =  1.3853 +/- 0.079899 L(0.1 - 10) 
orderInf =  2.6134 +/- 0.33315 L(0.1 - 10) 
alphaSup =  1.4046 +/- 0.090843 L(0.1 - 10) 
orderSup =  18.003 +/- 9.1691 L(0.1 - 40) 
