alphaInf =  1.2725 +/- 0.071553 L(0.1 - 10) 
orderInf =  2.9561 +/- 0.32829 L(0.1 - 10) 
alphaSup =  1.3156 +/- 0.19647 L(0.1 - 10) 
orderSup =  14.287 +/- 14.886 L(0.1 - 40) 
