alphaInf =  1.2739 +/- 0.056187 L(0.1 - 10) 
orderInf =  1.8979 +/- 0.13763 L(0.1 - 10) 
alphaSup =  1.3326 +/- 0.071524 L(0.1 - 10) 
orderSup =  6.6048 +/- 0.99516 L(0.1 - 40) 
