alphaInf =  1.4629 +/- 0.018762 L(0.1 - 10) 
orderInf =  2.1095 +/- 0.061220 L(0.1 - 10) 
alphaSup =  1.4343 +/- 0.026963 L(0.1 - 10) 
orderSup =  13.212 +/- 1.7749 L(0.1 - 40) 
