alphaInf =  1.2946 +/- 0.033489 L(0.1 - 10) 
orderInf =  2.8182 +/- 0.16362 L(0.1 - 10) 
alphaSup =  1.4446 +/- 0.041429 L(0.1 - 10) 
orderSup =  13.495 +/- 2.4216 L(0.1 - 40) 
