alphaInf =  1.3359 +/- 0.025504 L(0.1 - 10) 
orderInf =  2.6462 +/- 0.10880 L(0.1 - 10) 
alphaSup =  1.3004 +/- 0.039520 L(0.1 - 10) 
orderSup =  15.364 +/- 3.7826 L(0.1 - 40) 
