alphaInf =  1.3870 +/- 0.018845 L(0.1 - 10) 
orderInf =  2.3058 +/- 0.067652 L(0.1 - 10) 
alphaSup =  1.3576 +/- 0.030086 L(0.1 - 10) 
orderSup =  11.523 +/- 1.5880 L(0.1 - 40) 
