alphaInf =  1.3924 +/- 0.12285 L(0.1 - 10) 
orderInf =  2.2251 +/- 0.43297 L(0.1 - 10) 
alphaSup =  1.4316 +/- 0.32924 L(0.1 - 10) 
orderSup =  10.680 +/- 14.858 L(0.1 - 40) 
