alphaInf =  1.3766 +/- 0.023102 L(0.1 - 10) 
orderInf =  2.4330 +/- 0.075431 L(0.1 - 10) 
alphaSup =  1.3411 +/- 0.078928 L(0.1 - 10) 
orderSup =  16.212 +/- 7.0777 L(0.1 - 40) 
