alphaInf =  1.4041 +/- 0.025474 L(0.1 - 10) 
orderInf =  2.3038 +/- 0.081979 L(0.1 - 10) 
alphaSup =  1.3907 +/- 0.096657 L(0.1 - 10) 
orderSup =  14.335 +/- 6.9165 L(0.1 - 40) 
