alphaInf =  1.4717 +/- 0.18277 L(0.1 - 10) 
orderInf =  2.2730 +/- 0.71053 L(0.1 - 10) 
alphaSup =  1.6340 +/- 0.19666 L(0.1 - 10) 
orderSup =  7.2661 +/- 4.6444 L(0.1 - 40) 
