alphaInf =  1.3111 +/- 0.030148 L(0.1 - 10) 
orderInf =  2.9672 +/- 0.13296 L(0.1 - 10) 
alphaSup =  1.2951 +/- 0.093082 L(0.1 - 10) 
orderSup =  18.113 +/- 10.423 L(0.1 - 40) 
