alphaInf =  1.2291 +/- 0.064996 L(0.1 - 10) 
orderInf =  3.0895 +/- 0.34015 L(0.1 - 10) 
alphaSup =  1.2871 +/- 0.066429 L(0.1 - 10) 
orderSup =  14.281 +/- 4.2563 L(0.1 - 40) 
