alphaInf =  1.4145 +/- 0.022516 L(0.1 - 10) 
orderInf =  2.2075 +/- 0.069206 L(0.1 - 10) 
alphaSup =  1.3828 +/- 0.085770 L(0.1 - 10) 
orderSup =  10.416 +/- 3.3857 L(0.1 - 40) 
