alphaInf =  1.3593 +/- 0.070989 L(0.1 - 10) 
orderInf =  1.7762 +/- 0.14926 L(0.1 - 10) 
alphaSup =  1.3375 +/- 0.085555 L(0.1 - 10) 
orderSup =  6.7056 +/- 1.0783 L(0.1 - 40) 
