alphaInf =  1.2574 +/- 0.060664 L(0.1 - 10) 
orderInf =  1.8362 +/- 0.10947 L(0.1 - 10) 
alphaSup =  1.2587 +/- 0.074755 L(0.1 - 10) 
orderSup =  7.7512 +/- 1.1228 L(0.1 - 40) 
