alphaInf =  1.3224 +/- 0.033637 L(0.1 - 10) 
orderInf =  2.6437 +/- 0.14769 L(0.1 - 10) 
alphaSup =  1.3474 +/- 0.065319 L(0.1 - 10) 
orderSup =  22.137 +/- 12.385 L(0.1 - 40) 
