sigmaSymDSCB =  0.085231 +/- 0.0042681 L(0.05 - 0.15) 
alphaInfSymDSCB =  1.6999 +/- 0.15453 L(0.1 - 10) 
orderInfSymDSCB =  1.6146 +/- 0.38666 L(0.1 - 10) 
alphaSupSymDSCB =  1.6831 +/- 0.84850 L(0.1 - 10) 
orderSupSymDSCB =  11.777 +/- 47.394 L(0.1 - 40) 
