sigmaSymDSCB =  0.091430 +/- 0.0036233 L(0.05 - 0.15) 
alphaInfSymDSCB =  1.5922 +/- 0.22474 L(0.1 - 10) 
orderInfSymDSCB =  1.8582 +/- 0.69183 L(0.1 - 10) 
alphaSupSymDSCB =  1.4340 +/- 0.094640 L(0.1 - 10) 
orderSupSymDSCB =  40.000 +/- 0.00029769 L(0.1 - 40) 
