sigmaSymDSCB =  0.10194 +/- 0.0027383 L(0.05 - 0.15) 
alphaInfSymDSCB =  1.6451 +/- 0.16641 L(0.1 - 10) 
orderInfSymDSCB =  1.9498 +/- 0.61517 L(0.1 - 10) 
alphaSupSymDSCB =  1.6570 +/- 0.11251 L(0.1 - 10) 
orderSupSymDSCB =  40.000 +/- 0.000011971 L(0.1 - 40) 
