sigmaSymDSCB =  0.093295 +/- 0.0022652 L(0.05 - 0.15) 
alphaInfSymDSCB =  1.7067 +/- 0.13531 L(0.1 - 10) 
orderInfSymDSCB =  1.4770 +/- 0.38127 L(0.1 - 10) 
alphaSupSymDSCB =  1.5558 +/- 0.15936 L(0.1 - 10) 
orderSupSymDSCB =  22.183 +/- 27.106 L(0.1 - 40) 
