sigmaSymDSCB =  0.077245 +/- 0.0016816 L(0.05 - 0.15) 
alphaInfSymDSCB =  1.4129 +/- 0.072338 L(0.1 - 10) 
orderInfSymDSCB =  2.0045 +/- 0.23612 L(0.1 - 10) 
alphaSupSymDSCB =  1.2979 +/- 0.069803 L(0.1 - 10) 
orderSupSymDSCB =  21.418 +/- 11.275 L(0.1 - 40) 
