sigmaSymDSCB =  0.068948 +/- 0.0049024 L(0.03 - 0.15) 
alphaInfSymDSCB =  1.1578 +/- 0.15873 L(0.1 - 10) 
orderInfSymDSCB =  2.9834 +/- 0.73381 L(0.01 - 10) 
alphaSupSymDSCB =  1.0508 +/- 0.13534 L(0.1 - 10) 
orderSupSymDSCB =  110.57 +/- 401.07 L(0.1 - 200) 
