sigmaSymDSCB =  0.10248 +/- 0.0035811 L(0.05 - 0.15) 
alphaInfSymDSCB =  2.0196 +/- 0.21440 L(0.1 - 10) 
orderInfSymDSCB =  0.90492 +/- 0.44978 L(0.1 - 10) 
alphaSupSymDSCB =  1.6018 +/- 0.17739 L(0.1 - 10) 
orderSupSymDSCB =  40.000 +/- 0.16315 L(0.1 - 40) 
