sigmaSymDSCB =  0.088977 +/- 0.0023558 L(0.05 - 0.15) 
alphaInfSymDSCB =  1.5487 +/- 0.21188 L(0.1 - 10) 
orderInfSymDSCB =  1.9133 +/- 0.76462 L(0.1 - 10) 
alphaSupSymDSCB =  2.3852 +/- 0.20442 L(0.1 - 10) 
orderSupSymDSCB =  2.9622 +/- 1.3344 L(0.1 - 40) 
