sigmaSymDSCB =  0.076935 +/- 0.0063616 L(0.05 - 0.15) 
alphaInfSymDSCB =  1.3209 +/- 0.28513 L(0.1 - 10) 
orderInfSymDSCB =  2.0803 +/- 0.86096 L(0.1 - 10) 
alphaSupSymDSCB =  1.5058 +/- 0.16360 L(0.1 - 10) 
orderSupSymDSCB =  5.7622 +/- 2.2820 L(0.1 - 40) 
