alphaInf =  1.4006 +/- 0.020984 L(0.1 - 10) 
orderInf =  2.3114 +/- 0.077887 L(0.1 - 10) 
alphaSup =  1.3914 +/- 0.027582 L(0.1 - 10) 
orderSup =  13.840 +/- 1.9948 L(0.1 - 40) 
