alphaInfSymDSCB =  1.4195 +/- 0.034333 L(0.1 - 10) 
orderInfSymDSCB =  2.5836 +/- 0.089238 L(0.1 - 10) 
alphaSupSymDSCB =  1.7429 +/- 0.14958 L(0.1 - 10) 
orderSupSymDSCB =  12.441 +/- 6.3600 L(0.1 - 40) 
