sigmaSymDSCB =  0.085648 +/- 0.0044893 L(0.03 - 0.15) 
alphaInfSymDSCB =  1.3247 +/- 0.31831 L(0.1 - 10) 
orderInfSymDSCB =  2.7995 +/- 1.9537 L(0.1 - 10) 
alphaSupSymDSCB =  1.6063 +/- 0.21871 L(0.1 - 10) 
orderSupSymDSCB =  14.531 +/- 14.310 L(0.1 - 200) 
