sigmaSymDSCB =  0.078647 +/- 0.0076610 L(0.05 - 0.15) 
alphaInfSymDSCB =  1.2850 +/- 0.31199 L(0.1 - 10) 
orderInfSymDSCB =  2.3755 +/- 1.1241 L(0.1 - 10) 
alphaSupSymDSCB =  1.2726 +/- 0.26638 L(0.1 - 10) 
orderSupSymDSCB =  18.693 +/- 27.344 L(0.1 - 40) 
