sigmaSymDSCB =  0.093553 +/- 0.0020293 L(0.03 - 0.15) 
alphaInfSymDSCB =  1.3782 +/- 0.097589 L(0.1 - 10) 
orderInfSymDSCB =  2.6802 +/- 0.59639 L(0.1 - 10) 
alphaSupSymDSCB =  1.4073 +/- 0.12096 L(0.1 - 10) 
orderSupSymDSCB =  31.659 +/- 45.228 L(0.1 - 1000) 
