sigmaSymDSCB =  0.077483 +/- 0.0031920 L(0.03 - 0.15) 
alphaInfSymDSCB =  1.3386 +/- 0.13788 L(0.1 - 10) 
orderInfSymDSCB =  2.3695 +/- 0.54875 L(0.01 - 10) 
alphaSupSymDSCB =  1.2789 +/- 0.13219 L(0.1 - 10) 
orderSupSymDSCB =  38.331 +/- 69.753 L(0.1 - 200) 
