sigmaSymDSCB =  0.076985 +/- 0.0049749 L(0.05 - 0.15) 
alphaInfSymDSCB =  0.83684 +/- 0.10732 L(0.1 - 10) 
orderInfSymDSCB =  7.7315 +/- 4.0758 L(0.1 - 10) 
alphaSupSymDSCB =  1.1354 +/- 0.10506 L(0.1 - 10) 
orderSupSymDSCB =  39.999 +/- 0.010596 L(0.1 - 40) 
