sigmaSymDSCB =  0.099213 +/- 0.0020199 L(0.05 - 0.15) 
alphaInfSymDSCB =  1.5413 +/- 0.11409 L(0.1 - 10) 
orderInfSymDSCB =  2.0785 +/- 0.51776 L(0.1 - 10) 
alphaSupSymDSCB =  1.6657 +/- 0.13261 L(0.1 - 10) 
orderSupSymDSCB =  14.382 +/- 8.4934 L(0.1 - 40) 
