sigmaSymDSCB =  0.086988 +/- 0.0032489 L(0.05 - 0.15) 
alphaInfSymDSCB =  1.4401 +/- 0.19490 L(0.1 - 10) 
orderInfSymDSCB =  1.9953 +/- 0.76355 L(0.1 - 10) 
alphaSupSymDSCB =  1.7773 +/- 0.29189 L(0.1 - 10) 
orderSupSymDSCB =  9.5782 +/- 11.322 L(0.1 - 40) 
