sigmaSymDSCB =  0.092948 +/- 0.0048630 L(0.05 - 0.15) 
alphaInfSymDSCB =  1.7103 +/- 0.27256 L(0.1 - 10) 
orderInfSymDSCB =  1.6923 +/- 0.71969 L(0.1 - 10) 
alphaSupSymDSCB =  1.6259 +/- 0.27930 L(0.1 - 10) 
orderSupSymDSCB =  18.246 +/- 23.007 L(0.1 - 40) 
