sigmaSymDSCB =  0.075444 +/- 0.0039378 L(0.03 - 0.15) 
alphaInfSymDSCB =  1.1325 +/- 0.17199 L(0.1 - 10) 
orderInfSymDSCB =  3.5172 +/- 1.4437 L(0.1 - 10) 
alphaSupSymDSCB =  1.1144 +/- 0.11518 L(0.1 - 10) 
orderSupSymDSCB =  42.895 +/- 66.775 L(0.1 - 200) 
