sigmaSymDSCB =  0.085977 +/- 0.010293 L(0.05 - 0.15) 
alphaInfSymDSCB =  1.3047 +/- 0.34576 L(0.1 - 10) 
orderInfSymDSCB =  2.5400 +/- 1.1957 L(0.1 - 10) 
alphaSupSymDSCB =  1.2760 +/- 0.21048 L(0.1 - 10) 
orderSupSymDSCB =  40.000 +/- 0.000068235 L(0.1 - 40) 
