sigmaSymDSCB =  0.080104 +/- 0.0034540 L(0.03 - 0.15) 
alphaInfSymDSCB =  1.2474 +/- 0.16856 L(0.1 - 10) 
orderInfSymDSCB =  3.0176 +/- 1.1544 L(0.1 - 10) 
alphaSupSymDSCB =  1.2705 +/- 0.21010 L(0.1 - 10) 
orderSupSymDSCB =  35.107 +/- 106.28 L(0.1 - 200) 
