sigmaSymDSCB =  0.080645 +/- 0.0056924 L(0.05 - 0.15) 
alphaInfSymDSCB =  1.2654 +/- 0.15099 L(0.1 - 10) 
orderInfSymDSCB =  2.2781 +/- 0.74586 L(0.1 - 10) 
alphaSupSymDSCB =  1.3340 +/- 0.19943 L(0.1 - 10) 
orderSupSymDSCB =  40.000 +/- 0.000073501 L(0.1 - 40) 
