sigmaSymDSCB =  0.087921 +/- 0.0031831 L(0.05 - 0.15) 
alphaInfSymDSCB =  1.5246 +/- 0.16979 L(0.1 - 10) 
orderInfSymDSCB =  2.0240 +/- 0.50236 L(0.1 - 10) 
alphaSupSymDSCB =  1.5664 +/- 0.14025 L(0.1 - 10) 
orderSupSymDSCB =  28.559 +/- 28.056 L(0.1 - 40) 
