sigmaSymDSCB =  0.095704 +/- 0.013685 L(0.05 - 0.15) 
alphaInfSymDSCB =  2.2839 +/- 0.25468 L(0.1 - 10) 
orderInfSymDSCB =  0.59433 +/- 0.50934 L(0.1 - 10) 
alphaSupSymDSCB =  1.9944 +/- 14.054 L(0.1 - 10) 
orderSupSymDSCB =  27.251 +/- 4015.5 L(0.1 - 40) 
