sigmaSymDSCB =  0.079770 +/- 0.0097803 L(0.05 - 0.15) 
alphaInfSymDSCB =  1.1186 +/- 0.24800 L(0.1 - 10) 
orderInfSymDSCB =  3.3664 +/- 1.1508 L(0.1 - 10) 
alphaSupSymDSCB =  1.3630 +/- 0.35021 L(0.1 - 10) 
orderSupSymDSCB =  15.058 +/- 21.699 L(0.1 - 40) 
