sigmaSymDSCB =  0.087907 +/- 0.0036264 L(0.05 - 0.15) 
alphaInfSymDSCB =  1.1816 +/- 0.14567 L(0.1 - 10) 
orderInfSymDSCB =  3.3335 +/- 1.0061 L(0.1 - 10) 
alphaSupSymDSCB =  1.3108 +/- 0.075467 L(0.1 - 10) 
orderSupSymDSCB =  40.000 +/- 0.0018619 L(0.1 - 40) 
