sigmaSymDSCB =  0.094388 +/- 0.0034243 L(0.05 - 0.15) 
alphaInfSymDSCB =  2.3573 +/- 0.20980 L(0.1 - 10) 
orderInfSymDSCB =  0.52440 +/- 0.39836 L(0.1 - 10) 
alphaSupSymDSCB =  1.8740 +/- 0.58091 L(0.1 - 10) 
orderSupSymDSCB =  3.8954 +/- 5.9537 L(0.1 - 40) 
