sigmaSymDSCB =  0.080693 +/- 0.0092070 L(0.03 - 0.15) 
alphaInfSymDSCB =  1.0235 +/- 0.49307 L(0.1 - 10) 
orderInfSymDSCB =  7.2895 +/- 18.711 L(0.1 - 10) 
alphaSupSymDSCB =  1.1898 +/- 0.19906 L(0.1 - 10) 
orderSupSymDSCB =  144.21 +/- 0.0027041 L(0.1 - 200) 
