sigmaSymDSCB =  0.080943 +/- 0.0050508 L(0.05 - 0.15) 
alphaInfSymDSCB =  1.3936 +/- 0.16017 L(0.1 - 10) 
orderInfSymDSCB =  2.3940 +/- 0.51129 L(0.1 - 10) 
alphaSupSymDSCB =  1.3368 +/- 0.23449 L(0.1 - 10) 
orderSupSymDSCB =  11.417 +/- 9.5837 L(0.1 - 40) 
