alphaInf =  1.2594 +/- 0.024884 L(0.1 - 10) 
orderInf =  3.0726 +/- 0.13137 L(0.1 - 10) 
alphaSup =  1.2600 +/- 0.029604 L(0.1 - 10) 
orderSup =  19.400 +/- 3.9928 L(0.1 - 100) 
