sigmaSymDSCB =  0.098418 +/- 0.0047181 L(0.03 - 0.15) 
alphaInfSymDSCB =  1.4947 +/- 0.15684 L(0.1 - 10) 
orderInfSymDSCB =  2.6401 +/- 0.92997 L(0.01 - 10) 
alphaSupSymDSCB =  1.3616 +/- 0.15857 L(0.1 - 10) 
orderSupSymDSCB =  148.11 +/- 55.900 L(0.1 - 200) 
