sigmaSymDSCB =  0.073281 +/- 0.0052405 L(0.05 - 0.15) 
alphaInfSymDSCB =  1.3114 +/- 0.22591 L(0.1 - 10) 
orderInfSymDSCB =  2.3741 +/- 0.79679 L(0.1 - 10) 
alphaSupSymDSCB =  1.2498 +/- 0.19337 L(0.1 - 10) 
orderSupSymDSCB =  12.161 +/- 9.7075 L(0.1 - 40) 
