sigmaSymDSCB =  0.081806 +/- 0.00062948 L(0.03 - 0.15) 
alphaInfSymDSCB =  1.2957 +/- 0.028972 L(0.1 - 10) 
orderInfSymDSCB =  2.8938 +/- 0.17716 L(0.1 - 10) 
alphaSupSymDSCB =  1.3165 +/- 0.028849 L(0.1 - 10) 
orderSupSymDSCB =  18.512 +/- 3.5675 L(0.1 - 100) 
