sigmaSymDSCB =  0.078591 +/- 0.0035632 L(0.03 - 0.15) 
alphaInfSymDSCB =  1.3072 +/- 0.13602 L(0.1 - 10) 
orderInfSymDSCB =  2.9359 +/- 0.69577 L(0.01 - 10) 
alphaSupSymDSCB =  1.3923 +/- 0.16353 L(0.1 - 10) 
orderSupSymDSCB =  11.032 +/- 6.3967 L(0.1 - 200) 
