alphaInf =  1.6514 +/- 0.31829 L(0.1 - 10) 
orderInf =  2.1889 +/- 1.2560 L(0.1 - 10) 
alphaSup =  1.8612 +/- 0.13171 L(0.1 - 10) 
orderSup =  6.6908 +/- 1.9411 L(0.1 - 40) 
