sigmaSymDSCB =  0.090432 +/- 0.0044897 L(0.05 - 0.15) 
alphaInfSymDSCB =  1.3370 +/- 0.15159 L(0.1 - 10) 
orderInfSymDSCB =  2.6774 +/- 0.63212 L(0.1 - 10) 
alphaSupSymDSCB =  1.1871 +/- 0.085539 L(0.1 - 10) 
orderSupSymDSCB =  40.000 +/- 0.00030415 L(0.1 - 40) 
