sigmaSymDSCB =  0.095369 +/- 0.0050913 L(0.05 - 0.15) 
alphaInfSymDSCB =  1.5864 +/- 0.25369 L(0.1 - 10) 
orderInfSymDSCB =  1.8214 +/- 0.69274 L(0.1 - 10) 
alphaSupSymDSCB =  1.3076 +/- 0.10395 L(0.1 - 10) 
orderSupSymDSCB =  40.000 +/- 0.00060712 L(0.1 - 40) 
