sigmaSymDSCB =  0.079887 +/- 0.014655 L(0.05 - 0.15) 
alphaInfSymDSCB =  1.1557 +/- 0.33143 L(0.1 - 10) 
orderInfSymDSCB =  2.9055 +/- 1.4587 L(0.1 - 10) 
alphaSupSymDSCB =  1.6933 +/- 1.2902 L(0.1 - 10) 
orderSupSymDSCB =  8.5453 +/- 24.429 L(0.1 - 40) 
