sigmaSymDSCB =  0.086998 +/- 0.011237 L(0.05 - 0.15) 
alphaInfSymDSCB =  1.2484 +/- 0.18290 L(0.1 - 10) 
orderInfSymDSCB =  3.5706 +/- 1.3979 L(0.1 - 10) 
alphaSupSymDSCB =  1.3211 +/- 0.58824 L(0.1 - 10) 
orderSupSymDSCB =  40.000 +/- 2.2605 L(0.1 - 40) 
