sigmaSymDSCB =  0.078049 +/- 0.0074834 L(0.05 - 0.15) 
alphaInfSymDSCB =  1.2735 +/- 0.27483 L(0.1 - 10) 
orderInfSymDSCB =  2.7853 +/- 1.1901 L(0.1 - 10) 
alphaSupSymDSCB =  1.2838 +/- 0.18387 L(0.1 - 10) 
orderSupSymDSCB =  40.000 +/- 0.000039960 L(0.1 - 40) 
