sigmaSymDSCB =  0.087162 +/- 0.0033558 L(0.05 - 0.15) 
alphaInfSymDSCB =  1.5746 +/- 0.21041 L(0.1 - 10) 
orderInfSymDSCB =  2.1582 +/- 0.76889 L(0.1 - 10) 
alphaSupSymDSCB =  1.9400 +/- 0.29748 L(0.1 - 10) 
orderSupSymDSCB =  7.3566 +/- 5.2231 L(0.1 - 40) 
