sigmaSymDSCB =  0.063403 +/- 0.0068770 L(0.05 - 0.15) 
alphaInfSymDSCB =  1.0174 +/- 0.14898 L(0.1 - 10) 
orderInfSymDSCB =  2.8756 +/- 0.93236 L(0.1 - 10) 
alphaSupSymDSCB =  0.92687 +/- 0.13478 L(0.1 - 10) 
orderSupSymDSCB =  40.000 +/- 0.0000072626 L(0.1 - 40) 
