sigmaSymDSCB =  0.091659 +/- 0.0037993 L(0.03 - 0.15) 
alphaInfSymDSCB =  1.4112 +/- 0.24603 L(0.1 - 10) 
orderInfSymDSCB =  1.9858 +/- 1.2023 L(0.1 - 10) 
alphaSupSymDSCB =  1.7901 +/- 0.28658 L(0.1 - 10) 
orderSupSymDSCB =  7.1359 +/- 7.0216 L(0.1 - 200) 
