sigmaSymDSCB =  0.081877 +/- 0.0038197 L(0.05 - 0.15) 
alphaInfSymDSCB =  1.4028 +/- 0.13920 L(0.1 - 10) 
orderInfSymDSCB =  2.2081 +/- 0.49186 L(0.1 - 10) 
alphaSupSymDSCB =  1.4962 +/- 0.21565 L(0.1 - 10) 
orderSupSymDSCB =  6.8076 +/- 3.1953 L(0.1 - 40) 
