sigmaSymDSCB =  0.081616 +/- 0.0020968 L(0.05 - 0.15) 
alphaInfSymDSCB =  1.4531 +/- 0.11414 L(0.1 - 10) 
orderInfSymDSCB =  1.9997 +/- 0.37375 L(0.1 - 10) 
alphaSupSymDSCB =  1.3573 +/- 0.11236 L(0.1 - 10) 
orderSupSymDSCB =  17.145 +/- 14.019 L(0.1 - 40) 
