alphaInfSymDSCB =  1.2867 +/- 0.015111 L(0.1 - 10) 
orderInfSymDSCB =  2.7899 +/- 0.043770 L(0.1 - 10) 
alphaSupSymDSCB =  1.3420 +/- 0.026316 L(0.1 - 10) 
orderSupSymDSCB =  10.838 +/- 1.0830 L(0.1 - 40) 
