alphaInf =  1.5344 +/- 0.088831 L(0.1 - 10) 
orderInf =  2.2302 +/- 0.20268 L(0.1 - 10) 
alphaSup =  1.6746 +/- 0.68057 L(0.1 - 10) 
orderSup =  19.461 +/- 72.108 L(0.1 - 40) 
