sigmaSymDSCB =  0.079215 +/- 0.0026476 L(0.05 - 0.15) 
alphaInfSymDSCB =  1.2298 +/- 0.093992 L(0.1 - 10) 
orderInfSymDSCB =  2.7537 +/- 0.45676 L(0.1 - 10) 
alphaSupSymDSCB =  1.3298 +/- 0.11909 L(0.1 - 10) 
orderSupSymDSCB =  13.252 +/- 8.1621 L(0.1 - 40) 
