sigmaSymDSCB =  0.081090 +/- 0.0049391 L(0.03 - 0.15) 
alphaInfSymDSCB =  1.3275 +/- 0.13658 L(0.1 - 10) 
orderInfSymDSCB =  2.6512 +/- 0.58783 L(0.01 - 10) 
alphaSupSymDSCB =  1.4580 +/- 0.32168 L(0.1 - 10) 
orderSupSymDSCB =  7.3833 +/- 5.9876 L(0.1 - 200) 
