sigmaSymDSCB =  0.090770 +/- 0.0049310 L(0.03 - 0.15) 
alphaInfSymDSCB =  1.2716 +/- 0.31797 L(0.1 - 10) 
orderInfSymDSCB =  3.6944 +/- 3.2705 L(0.1 - 10) 
alphaSupSymDSCB =  1.1941 +/- 0.094927 L(0.1 - 10) 
orderSupSymDSCB =  142.44 +/- 0.0014698 L(0.1 - 200) 
