sigmaSymDSCB =  0.085025 +/- 0.0029780 L(0.03 - 0.15) 
alphaInfSymDSCB =  1.3621 +/- 0.19077 L(0.1 - 10) 
orderInfSymDSCB =  2.7451 +/- 1.2178 L(0.1 - 10) 
alphaSupSymDSCB =  1.4977 +/- 0.17075 L(0.1 - 10) 
orderSupSymDSCB =  9.6489 +/- 5.6004 L(0.1 - 200) 
