sigmaSymDSCB =  0.076602 +/- 0.0031210 L(0.05 - 0.15) 
alphaInfSymDSCB =  1.2012 +/- 0.11577 L(0.1 - 10) 
orderInfSymDSCB =  3.0948 +/- 0.72104 L(0.1 - 10) 
alphaSupSymDSCB =  1.1647 +/- 0.074245 L(0.1 - 10) 
orderSupSymDSCB =  40.000 +/- 0.0031265 L(0.1 - 40) 
