sigmaSymDSCB =  0.096149 +/- 0.0085338 L(0.03 - 0.15) 
alphaInfSymDSCB =  1.5105 +/- 1.0001 L(0.1 - 10) 
orderInfSymDSCB =  2.8406 +/- 6.9759 L(0.1 - 10) 
alphaSupSymDSCB =  1.7478 +/- 0.49243 L(0.1 - 10) 
orderSupSymDSCB =  11.969 +/- 19.728 L(0.1 - 200) 
