sigmaSymDSCB =  0.076667 +/- 0.0021972 L(0.03 - 0.15) 
alphaInfSymDSCB =  1.2913 +/- 0.15410 L(0.1 - 10) 
orderInfSymDSCB =  2.6881 +/- 0.95706 L(0.1 - 10) 
alphaSupSymDSCB =  1.2240 +/- 0.077688 L(0.1 - 10) 
orderSupSymDSCB =  39.583 +/- 40.382 L(0.1 - 200) 
