sigmaSymDSCB =  0.071215 +/- 0.010670 L(0.03 - 0.15) 
alphaInfSymDSCB =  0.99917 +/- 0.32556 L(0.1 - 10) 
orderInfSymDSCB =  6.0164 +/- 7.8091 L(0.1 - 10) 
alphaSupSymDSCB =  1.0644 +/- 0.24331 L(0.1 - 10) 
orderSupSymDSCB =  142.27 +/- 26.693 L(0.1 - 200) 
