alphaInfSymDSCB =  1.3464 +/- 0.0087751 L(0.1 - 10) 
orderInfSymDSCB =  2.5154 +/- 0.022330 L(0.1 - 10) 
alphaSupSymDSCB =  1.4157 +/- 0.016930 L(0.1 - 10) 
<<<<<<< HEAD
orderSupSymDSCB =  11.609 +/- 0.79211 L(0.1 - 40) 
=======
orderSupSymDSCB =  11.609 +/- 0.79210 L(0.1 - 40) 
>>>>>>> 751994419a3628036eec5a31a21cc3d7c0a78875
