sigmaSymDSCB =  0.090246 +/- 0.0040202 L(0.05 - 0.15) 
alphaInfSymDSCB =  1.5218 +/- 0.20468 L(0.1 - 10) 
orderInfSymDSCB =  1.9413 +/- 0.59892 L(0.1 - 10) 
alphaSupSymDSCB =  1.4526 +/- 0.10582 L(0.1 - 10) 
orderSupSymDSCB =  40.000 +/- 0.00025773 L(0.1 - 40) 
