sigmaSymDSCB =  0.10081 +/- 0.0052352 L(0.05 - 0.15) 
alphaInfSymDSCB =  1.4928 +/- 0.28376 L(0.1 - 10) 
orderInfSymDSCB =  2.5667 +/- 1.2533 L(0.1 - 10) 
alphaSupSymDSCB =  1.5271 +/- 0.20524 L(0.1 - 10) 
orderSupSymDSCB =  11.651 +/- 9.7838 L(0.1 - 40) 
