sigmaSymDSCB =  0.075470 +/- 0.0037807 L(0.03 - 0.15) 
alphaInfSymDSCB =  1.0964 +/- 0.10430 L(0.1 - 10) 
orderInfSymDSCB =  3.8935 +/- 0.81284 L(0.01 - 10) 
alphaSupSymDSCB =  1.2977 +/- 0.15615 L(0.1 - 10) 
orderSupSymDSCB =  12.429 +/- 7.9309 L(0.1 - 200) 
