alphaInf =  1.5971 +/- 0.053446 L(0.1 - 10) 
orderInf =  2.2666 +/- 0.23645 L(0.1 - 10) 
alphaSup =  1.6741 +/- 0.074368 L(0.1 - 10) 
orderSup =  14.579 +/- 6.0370 L(0.1 - 40) 
