sigmaSymDSCB =  0.093055 +/- 0.0018449 L(0.05 - 0.15) 
alphaInfSymDSCB =  1.7320 +/- 0.10552 L(0.1 - 10) 
orderInfSymDSCB =  1.2946 +/- 0.25988 L(0.1 - 10) 
alphaSupSymDSCB =  1.5398 +/- 0.11375 L(0.1 - 10) 
orderSupSymDSCB =  16.337 +/- 11.967 L(0.1 - 40) 
