alphaInf =  1.3481 +/- 0.018102 L(0.1 - 10) 
orderInf =  2.5504 +/- 0.074823 L(0.1 - 10) 
alphaSup =  1.3218 +/- 0.022893 L(0.1 - 10) 
orderSup =  15.046 +/- 2.0377 L(0.1 - 100) 
