sigmaSymDSCB =  0.077775 +/- 0.0066667 L(0.03 - 0.15) 
alphaInfSymDSCB =  1.0271 +/- 0.49356 L(0.1 - 10) 
orderInfSymDSCB =  4.7466 +/- 9.3776 L(0.1 - 10) 
alphaSupSymDSCB =  1.2650 +/- 0.25635 L(0.1 - 10) 
orderSupSymDSCB =  40.595 +/- 127.10 L(0.1 - 200) 
