sigmaSymDSCB =  0.084625 +/- 0.0027041 L(0.03 - 0.15) 
alphaInfSymDSCB =  1.4350 +/- 0.10381 L(0.1 - 10) 
orderInfSymDSCB =  2.5558 +/- 0.50858 L(0.01 - 10) 
alphaSupSymDSCB =  1.2958 +/- 0.085747 L(0.1 - 10) 
orderSupSymDSCB =  144.96 +/- 75.687 L(0.1 - 200) 
