sigmaSymDSCB =  0.093907 +/- 0.0039955 L(0.03 - 0.15) 
alphaInfSymDSCB =  1.0580 +/- 0.14101 L(0.1 - 10) 
orderInfSymDSCB =  9.4120 +/- 6.6813 L(0.01 - 10) 
alphaSupSymDSCB =  1.2907 +/- 0.10001 L(0.1 - 10) 
orderSupSymDSCB =  147.53 +/- 0.0024420 L(0.1 - 200) 
