sigmaSymDSCB =  0.086768 +/- 0.0049609 L(0.05 - 0.15) 
alphaInfSymDSCB =  1.6093 +/- 0.47430 L(0.1 - 10) 
orderInfSymDSCB =  1.9359 +/- 2.1956 L(0.1 - 10) 
alphaSupSymDSCB =  1.1752 +/- 0.25562 L(0.1 - 10) 
orderSupSymDSCB =  13.503 +/- 17.251 L(0.1 - 40) 
