sigmaSymDSCB =  0.10066 +/- 0.0019248 L(0.05 - 0.15) 
alphaInfSymDSCB =  1.5656 +/- 0.11740 L(0.1 - 10) 
orderInfSymDSCB =  2.0639 +/- 0.55169 L(0.1 - 10) 
alphaSupSymDSCB =  1.8445 +/- 0.15762 L(0.1 - 10) 
orderSupSymDSCB =  9.3343 +/- 4.4817 L(0.1 - 40) 
