sigmaSymDSCB =  0.098351 +/- 0.012943 L(0.05 - 0.15) 
alphaInfSymDSCB =  1.2586 +/- 0.75903 L(0.1 - 10) 
orderInfSymDSCB =  4.4368 +/- 8.5165 L(0.1 - 10) 
alphaSupSymDSCB =  1.5715 +/- 0.30071 L(0.1 - 10) 
orderSupSymDSCB =  40.000 +/- 0.00013270 L(0.1 - 40) 
