sigmaSymDSCB =  0.095263 +/- 0.0028931 L(0.03 - 0.15) 
alphaInfSymDSCB =  1.3076 +/- 0.11707 L(0.1 - 10) 
orderInfSymDSCB =  3.0898 +/- 0.83947 L(0.1 - 10) 
alphaSupSymDSCB =  1.5359 +/- 0.20438 L(0.1 - 10) 
orderSupSymDSCB =  14.864 +/- 15.821 L(0.1 - 1000) 
