alphaInf =  1.6982 +/- 0.026162 L(0.1 - 10) 
orderInf =  1.5939 +/- 0.061990 L(0.1 - 10) 
alphaSup =  1.7463 +/- 0.064366 L(0.1 - 10) 
orderSup =  12.930 +/- 3.8916 L(0.1 - 40) 
