sigmaSymDSCB =  0.094243 +/- 0.0028307 L(0.05 - 0.15) 
alphaInfSymDSCB =  1.2481 +/- 0.14556 L(0.1 - 10) 
orderInfSymDSCB =  3.5203 +/- 1.1793 L(0.1 - 10) 
alphaSupSymDSCB =  1.5065 +/- 0.078869 L(0.1 - 10) 
orderSupSymDSCB =  40.000 +/- 0.000069829 L(0.1 - 40) 
