sigmaSymDSCB =  0.095729 +/- 0.0027902 L(0.03 - 0.15) 
alphaInfSymDSCB =  1.1966 +/- 0.090254 L(0.1 - 10) 
orderInfSymDSCB =  4.1747 +/- 1.3585 L(0.1 - 10) 
alphaSupSymDSCB =  1.3994 +/- 0.17674 L(0.1 - 10) 
orderSupSymDSCB =  20.482 +/- 26.219 L(0.1 - 1000) 
