sigmaSymDSCB =  0.073639 +/- 0.0043971 L(0.05 - 0.15) 
alphaInfSymDSCB =  0.99795 +/- 0.17800 L(0.1 - 10) 
orderInfSymDSCB =  6.6111 +/- 4.3255 L(0.1 - 10) 
alphaSupSymDSCB =  1.2620 +/- 0.13265 L(0.1 - 10) 
orderSupSymDSCB =  40.000 +/- 0.00058377 L(0.1 - 40) 
