sigmaSymDSCB =  0.10348 +/- 0.0032491 L(0.05 - 0.15) 
alphaInfSymDSCB =  1.6471 +/- 0.26105 L(0.1 - 10) 
orderInfSymDSCB =  1.9560 +/- 1.0222 L(0.1 - 10) 
alphaSupSymDSCB =  1.9766 +/- 0.23086 L(0.1 - 10) 
orderSupSymDSCB =  4.2869 +/- 2.0080 L(0.1 - 40) 
