alphaInfSymDSCB =  1.4721 +/- 0.016969 L(0.1 - 10) 
orderInfSymDSCB =  2.2643 +/- 0.038455 L(0.1 - 10) 
alphaSupSymDSCB =  1.6556 +/- 0.047890 L(0.1 - 10) 
orderSupSymDSCB =  11.042 +/- 2.1499 L(0.1 - 40) 
