sigmaSymDSCB =  0.10622 +/- 0.0050000 L(0.05 - 0.15) 
alphaInfSymDSCB =  2.1117 +/- 0.47967 L(0.1 - 10) 
orderInfSymDSCB =  1.1145 +/- 0.98230 L(0.1 - 10) 
alphaSupSymDSCB =  3.3656 +/- 0.23397 L(0.1 - 10) 
orderSupSymDSCB =  1.2551 +/- 0.75909 L(0.1 - 40) 
