sigmaSymDSCB =  0.092870 +/- 0.0027671 L(0.05 - 0.15) 
alphaInfSymDSCB =  1.3678 +/- 0.13980 L(0.1 - 10) 
orderInfSymDSCB =  3.2606 +/- 1.1900 L(0.1 - 10) 
alphaSupSymDSCB =  1.6722 +/- 0.16517 L(0.1 - 10) 
orderSupSymDSCB =  20.452 +/- 24.952 L(0.1 - 40) 
