sigmaSymDSCB =  0.089859 +/- 0.0065505 L(0.05 - 0.15) 
alphaInfSymDSCB =  1.4316 +/- 0.20065 L(0.1 - 10) 
orderInfSymDSCB =  2.0788 +/- 0.58284 L(0.1 - 10) 
alphaSupSymDSCB =  1.3509 +/- 0.27487 L(0.1 - 10) 
orderSupSymDSCB =  29.598 +/- 63.870 L(0.1 - 40) 
