sigmaSymDSCB =  0.070868 +/- 0.0038948 L(0.03 - 0.15) 
alphaInfSymDSCB =  1.2173 +/- 0.087632 L(0.1 - 10) 
orderInfSymDSCB =  2.6007 +/- 0.39764 L(0.01 - 10) 
alphaSupSymDSCB =  1.1444 +/- 0.17062 L(0.1 - 10) 
orderSupSymDSCB =  14.711 +/- 11.602 L(0.1 - 200) 
