sigmaSymDSCB =  0.085300 +/- 0.0033477 L(0.05 - 0.15) 
alphaInfSymDSCB =  1.6196 +/- 0.17759 L(0.1 - 10) 
orderInfSymDSCB =  1.6219 +/- 0.51208 L(0.1 - 10) 
alphaSupSymDSCB =  1.4610 +/- 0.12706 L(0.1 - 10) 
orderSupSymDSCB =  40.000 +/- 0.000077405 L(0.1 - 40) 
