sigmaSymDSCB =  0.077512 +/- 0.0043014 L(0.05 - 0.15) 
alphaInfSymDSCB =  1.2127 +/- 0.13946 L(0.1 - 10) 
orderInfSymDSCB =  2.9037 +/- 0.61302 L(0.1 - 10) 
alphaSupSymDSCB =  1.4037 +/- 0.17526 L(0.1 - 10) 
orderSupSymDSCB =  8.4646 +/- 3.9502 L(0.1 - 40) 
