sigmaSymDSCB =  0.088439 +/- 0.0028727 L(0.05 - 0.15) 
alphaInfSymDSCB =  1.5573 +/- 0.12419 L(0.1 - 10) 
orderInfSymDSCB =  1.8311 +/- 0.40858 L(0.1 - 10) 
alphaSupSymDSCB =  1.5164 +/- 0.14712 L(0.1 - 10) 
orderSupSymDSCB =  9.2426 +/- 4.1647 L(0.1 - 40) 
