sigmaSymDSCB =  0.084484 +/- 0.0028289 L(0.05 - 0.15) 
alphaInfSymDSCB =  1.4935 +/- 0.13643 L(0.1 - 10) 
orderInfSymDSCB =  1.9172 +/- 0.37633 L(0.1 - 10) 
alphaSupSymDSCB =  1.4844 +/- 0.13376 L(0.1 - 10) 
orderSupSymDSCB =  10.251 +/- 5.1813 L(0.1 - 40) 
