sigmaSymDSCB =  0.076081 +/- 0.0045121 L(0.05 - 0.15) 
alphaInfSymDSCB =  1.2326 +/- 0.15869 L(0.1 - 10) 
orderInfSymDSCB =  2.6083 +/- 0.69599 L(0.1 - 10) 
alphaSupSymDSCB =  1.0791 +/- 0.090968 L(0.1 - 10) 
orderSupSymDSCB =  40.000 +/- 0.00041366 L(0.1 - 40) 
