alphaInfSymDSCB =  1.3837 +/- 0.023307 L(0.1 - 10) 
orderInfSymDSCB =  2.3755 +/- 0.090206 L(0.1 - 10) 
alphaSupSymDSCB =  1.3762 +/- 0.028784 L(0.1 - 10) 
orderSupSymDSCB =  14.567 +/- 2.3100 L(0.1 - 40) 
