sigmaSymDSCB =  0.074093 +/- 0.0026233 L(0.05 - 0.15) 
alphaInfSymDSCB =  1.1863 +/- 0.081357 L(0.1 - 10) 
orderInfSymDSCB =  2.7926 +/- 0.37147 L(0.1 - 10) 
alphaSupSymDSCB =  1.2334 +/- 0.13549 L(0.1 - 10) 
orderSupSymDSCB =  18.165 +/- 17.819 L(0.1 - 40) 
