sigmaSymDSCB =  0.076262 +/- 0.0065334 L(0.05 - 0.15) 
alphaInfSymDSCB =  1.1505 +/- 0.17486 L(0.1 - 10) 
orderInfSymDSCB =  2.6336 +/- 0.77279 L(0.1 - 10) 
alphaSupSymDSCB =  1.3069 +/- 0.17322 L(0.1 - 10) 
orderSupSymDSCB =  40.000 +/- 0.00033228 L(0.1 - 40) 
