sigmaSymDSCB =  0.081853 +/- 0.0038934 L(0.03 - 0.15) 
alphaInfSymDSCB =  2.8222 +/- 0.21023 L(0.1 - 10) 
orderInfSymDSCB =  0.050281 +/- 0.23035 L(0.01 - 10) 
alphaSupSymDSCB =  1.3974 +/- 0.34291 L(0.1 - 10) 
orderSupSymDSCB =  6.5194 +/- 7.2323 L(0.1 - 200) 
