sigmaSymDSCB =  0.087967 +/- 0.0052541 L(0.05 - 0.15) 
alphaInfSymDSCB =  1.3053 +/- 0.16207 L(0.1 - 10) 
orderInfSymDSCB =  2.3203 +/- 0.69874 L(0.1 - 10) 
alphaSupSymDSCB =  1.5891 +/- 0.34178 L(0.1 - 10) 
orderSupSymDSCB =  6.6116 +/- 6.0802 L(0.1 - 40) 
