alphaInfSymDSCB =  1.3986 +/- 0.022688 L(0.1 - 10) 
orderInfSymDSCB =  2.8108 +/- 0.080975 L(0.1 - 10) 
alphaSupSymDSCB =  1.6975 +/- 0.059637 L(0.1 - 10) 
orderSupSymDSCB =  11.598 +/- 3.0244 L(0.1 - 40) 
