sigmaSymDSCB =  0.097616 +/- 0.0032729 L(0.05 - 0.15) 
alphaInfSymDSCB =  1.4326 +/- 0.18025 L(0.1 - 10) 
orderInfSymDSCB =  2.4488 +/- 0.81961 L(0.1 - 10) 
alphaSupSymDSCB =  1.7152 +/- 0.17442 L(0.1 - 10) 
orderSupSymDSCB =  7.9411 +/- 4.5648 L(0.1 - 40) 
