sigmaSymDSCB =  0.082401 +/- 0.0044834 L(0.05 - 0.15) 
alphaInfSymDSCB =  1.3422 +/- 0.17022 L(0.1 - 10) 
orderInfSymDSCB =  2.4130 +/- 0.84355 L(0.1 - 10) 
alphaSupSymDSCB =  1.3900 +/- 0.16222 L(0.1 - 10) 
orderSupSymDSCB =  40.000 +/- 0.00052719 L(0.1 - 40) 
