sigmaSymDSCB =  0.095225 +/- 0.0030100 L(0.05 - 0.15) 
alphaInfSymDSCB =  1.5773 +/- 0.10879 L(0.1 - 10) 
orderInfSymDSCB =  1.9802 +/- 0.37461 L(0.1 - 10) 
alphaSupSymDSCB =  1.4634 +/- 0.10267 L(0.1 - 10) 
orderSupSymDSCB =  40.000 +/- 0.000040077 L(0.1 - 40) 
