sigmaSymDSCB =  0.080821 +/- 0.0031638 L(0.03 - 0.15) 
alphaInfSymDSCB =  1.4075 +/- 0.19538 L(0.1 - 10) 
orderInfSymDSCB =  2.6469 +/- 1.1131 L(0.1 - 10) 
alphaSupSymDSCB =  1.4490 +/- 0.17998 L(0.1 - 10) 
orderSupSymDSCB =  21.097 +/- 22.349 L(0.1 - 200) 
