alphaInfSymDSCB =  1.4238 +/- 0.026523 L(0.1 - 10) 
orderInfSymDSCB =  2.9259 +/- 0.097767 L(0.1 - 10) 
alphaSupSymDSCB =  1.6880 +/- 0.065513 L(0.1 - 10) 
orderSupSymDSCB =  8.7372 +/- 1.6701 L(0.1 - 40) 
