sigmaSymDSCB =  0.080462 +/- 0.0075324 L(0.05 - 0.15) 
alphaInfSymDSCB =  0.99989 +/- 0.22746 L(0.1 - 10) 
orderInfSymDSCB =  5.0980 +/- 2.7444 L(0.1 - 10) 
alphaSupSymDSCB =  1.1459 +/- 0.19529 L(0.1 - 10) 
orderSupSymDSCB =  16.290 +/- 24.961 L(0.1 - 40) 
