sigmaSymDSCB =  0.094159 +/- 0.0031970 L(0.05 - 0.15) 
alphaInfSymDSCB =  1.1466 +/- 0.17272 L(0.1 - 10) 
orderInfSymDSCB =  4.1480 +/- 2.0354 L(0.1 - 10) 
alphaSupSymDSCB =  1.5312 +/- 0.093463 L(0.1 - 10) 
orderSupSymDSCB =  40.000 +/- 0.000050060 L(0.1 - 40) 
