sigmaSymDSCB =  0.077150 +/- 0.0014327 L(0.03 - 0.15) 
alphaInfSymDSCB =  1.1817 +/- 0.055413 L(0.1 - 10) 
orderInfSymDSCB =  2.7673 +/- 0.32323 L(0.1 - 10) 
alphaSupSymDSCB =  1.2211 +/- 0.052634 L(0.1 - 10) 
orderSupSymDSCB =  17.966 +/- 5.7002 L(0.1 - 1000) 
