sigmaSymDSCB =  0.085198 +/- 0.0029364 L(0.05 - 0.15) 
alphaInfSymDSCB =  1.5364 +/- 0.18114 L(0.1 - 10) 
orderInfSymDSCB =  1.9388 +/- 0.57258 L(0.1 - 10) 
alphaSupSymDSCB =  1.4251 +/- 0.13557 L(0.1 - 10) 
orderSupSymDSCB =  11.875 +/- 8.3744 L(0.1 - 40) 
