sigmaSymDSCB =  0.099484 +/- 0.0024830 L(0.05 - 0.15) 
alphaInfSymDSCB =  1.4916 +/- 0.11524 L(0.1 - 10) 
orderInfSymDSCB =  2.1832 +/- 0.46229 L(0.1 - 10) 
alphaSupSymDSCB =  1.5980 +/- 0.16751 L(0.1 - 10) 
orderSupSymDSCB =  29.331 +/- 40.761 L(0.1 - 40) 
