sigmaSymDSCB =  0.080036 +/- 0.0065745 L(0.05 - 0.15) 
alphaInfSymDSCB =  1.1087 +/- 0.23559 L(0.1 - 10) 
orderInfSymDSCB =  2.8923 +/- 1.4418 L(0.1 - 10) 
alphaSupSymDSCB =  1.4466 +/- 0.37004 L(0.1 - 10) 
orderSupSymDSCB =  30.981 +/- 94.915 L(0.1 - 40) 
