sigmaSymDSCB =  0.098500 +/- 0.0045657 L(0.05 - 0.15) 
alphaInfSymDSCB =  1.3982 +/- 0.20233 L(0.1 - 10) 
orderInfSymDSCB =  3.6442 +/- 1.8537 L(0.1 - 10) 
alphaSupSymDSCB =  1.4055 +/- 0.15036 L(0.1 - 10) 
orderSupSymDSCB =  40.000 +/- 0.000069271 L(0.1 - 40) 
