sigmaSymDSCB =  0.086146 +/- 0.0037591 L(0.05 - 0.15) 
alphaInfSymDSCB =  1.5500 +/- 0.21850 L(0.1 - 10) 
orderInfSymDSCB =  1.8394 +/- 0.63717 L(0.1 - 10) 
alphaSupSymDSCB =  1.5566 +/- 0.20996 L(0.1 - 10) 
orderSupSymDSCB =  25.934 +/- 34.410 L(0.1 - 40) 
