sigmaSymDSCB =  0.090378 +/- 0.0057583 L(0.05 - 0.15) 
alphaInfSymDSCB =  1.5603 +/- 0.26035 L(0.1 - 10) 
orderInfSymDSCB =  1.8058 +/- 0.80246 L(0.1 - 10) 
alphaSupSymDSCB =  1.6054 +/- 0.33788 L(0.1 - 10) 
orderSupSymDSCB =  9.5149 +/- 9.4120 L(0.1 - 40) 
