sigmaSymDSCB =  0.098720 +/- 0.0047475 L(0.05 - 0.15) 
alphaInfSymDSCB =  1.4016 +/- 0.20894 L(0.1 - 10) 
orderInfSymDSCB =  3.0187 +/- 1.1977 L(0.1 - 10) 
alphaSupSymDSCB =  1.3455 +/- 0.16235 L(0.1 - 10) 
orderSupSymDSCB =  18.980 +/- 18.299 L(0.1 - 40) 
