sigmaSymDSCB =  0.086595 +/- 0.0056240 L(0.03 - 0.15) 
alphaInfSymDSCB =  1.2940 +/- 0.25225 L(0.1 - 10) 
orderInfSymDSCB =  2.2990 +/- 1.4265 L(0.01 - 10) 
alphaSupSymDSCB =  1.3346 +/- 0.23298 L(0.1 - 10) 
orderSupSymDSCB =  144.89 +/- 0.0019357 L(0.1 - 200) 
