sigmaSymDSCB =  0.079699 +/- 0.0085086 L(0.05 - 0.15) 
alphaInfSymDSCB =  0.99982 +/- 0.22670 L(0.1 - 10) 
orderInfSymDSCB =  5.1456 +/- 3.6965 L(0.1 - 10) 
alphaSupSymDSCB =  1.1550 +/- 0.18751 L(0.1 - 10) 
orderSupSymDSCB =  40.000 +/- 0.00049098 L(0.1 - 40) 
