sigmaSymDSCB =  0.078763 +/- 0.0085578 L(0.05 - 0.15) 
alphaInfSymDSCB =  1.3035 +/- 0.16636 L(0.1 - 10) 
orderInfSymDSCB =  1.9987 +/- 0.55956 L(0.1 - 10) 
alphaSupSymDSCB =  1.2144 +/- 0.40365 L(0.1 - 10) 
orderSupSymDSCB =  20.172 +/- 44.769 L(0.1 - 40) 
