sigmaSymDSCB =  0.089563 +/- 0.0029785 L(0.05 - 0.15) 
alphaInfSymDSCB =  1.5791 +/- 0.18108 L(0.1 - 10) 
orderInfSymDSCB =  1.7460 +/- 0.48853 L(0.1 - 10) 
alphaSupSymDSCB =  1.6495 +/- 0.15372 L(0.1 - 10) 
orderSupSymDSCB =  18.861 +/- 13.872 L(0.1 - 40) 
