sigmaSymDSCB =  0.075628 +/- 0.0035177 L(0.05 - 0.15) 
alphaInfSymDSCB =  1.1179 +/- 0.12556 L(0.1 - 10) 
orderInfSymDSCB =  3.2656 +/- 0.80604 L(0.1 - 10) 
alphaSupSymDSCB =  1.3138 +/- 0.13012 L(0.1 - 10) 
orderSupSymDSCB =  9.7494 +/- 4.3529 L(0.1 - 40) 
