sigmaSymDSCB =  0.076170 +/- 0.0090586 L(0.03 - 0.15) 
alphaInfSymDSCB =  1.2829 +/- 0.49767 L(0.1 - 10) 
orderInfSymDSCB =  2.5567 +/- 2.8435 L(0.1 - 10) 
alphaSupSymDSCB =  1.2590 +/- 0.35203 L(0.1 - 10) 
orderSupSymDSCB =  6.2679 +/- 5.2646 L(0.1 - 100) 
