sigmaSymDSCB =  0.087590 +/- 0.0041838 L(0.03 - 0.15) 
alphaInfSymDSCB =  1.4223 +/- 0.18921 L(0.1 - 10) 
orderInfSymDSCB =  2.4295 +/- 1.0050 L(0.1 - 10) 
alphaSupSymDSCB =  1.3319 +/- 0.20307 L(0.1 - 10) 
orderSupSymDSCB =  21.696 +/- 29.889 L(0.1 - 100) 
