sigmaSymDSCB =  0.090562 +/- 0.0029514 L(0.05 - 0.15) 
alphaInfSymDSCB =  1.7865 +/- 0.23770 L(0.1 - 10) 
orderInfSymDSCB =  1.4642 +/- 0.64722 L(0.1 - 10) 
alphaSupSymDSCB =  1.7466 +/- 0.18716 L(0.1 - 10) 
orderSupSymDSCB =  6.4810 +/- 2.8289 L(0.1 - 40) 
