sigmaSymDSCB =  0.093507 +/- 0.0089453 L(0.05 - 0.15) 
alphaInfSymDSCB =  1.5960 +/- 0.88126 L(0.1 - 10) 
orderInfSymDSCB =  2.1535 +/- 3.1148 L(0.1 - 10) 
alphaSupSymDSCB =  3.0787 +/- 0.27051 L(0.1 - 10) 
orderSupSymDSCB =  2.0489 +/- 0.97577 L(0.1 - 40) 
