sigmaSymDSCB =  0.085091 +/- 0.0046636 L(0.05 - 0.15) 
alphaInfSymDSCB =  1.3273 +/- 0.22364 L(0.1 - 10) 
orderInfSymDSCB =  2.8237 +/- 1.1255 L(0.1 - 10) 
alphaSupSymDSCB =  1.9097 +/- 0.24157 L(0.1 - 10) 
orderSupSymDSCB =  8.7128 +/- 6.8763 L(0.1 - 40) 
