sigmaSymDSCB =  0.078738 +/- 0.0026665 L(0.05 - 0.15) 
alphaInfSymDSCB =  1.4162 +/- 0.12738 L(0.1 - 10) 
orderInfSymDSCB =  2.1124 +/- 0.46783 L(0.1 - 10) 
alphaSupSymDSCB =  1.1970 +/- 0.091307 L(0.1 - 10) 
orderSupSymDSCB =  26.552 +/- 19.771 L(0.1 - 40) 
