sigmaSymDSCB =  0.091707 +/- 0.0044430 L(0.05 - 0.15) 
alphaInfSymDSCB =  1.2019 +/- 0.15489 L(0.1 - 10) 
orderInfSymDSCB =  3.3828 +/- 1.2132 L(0.1 - 10) 
alphaSupSymDSCB =  1.2683 +/- 0.099300 L(0.1 - 10) 
orderSupSymDSCB =  40.000 +/- 0.00023736 L(0.1 - 40) 
