sigmaSymDSCB =  0.090968 +/- 0.0027956 L(0.05 - 0.15) 
alphaInfSymDSCB =  1.4313 +/- 0.096259 L(0.1 - 10) 
orderInfSymDSCB =  2.3680 +/- 0.43350 L(0.1 - 10) 
alphaSupSymDSCB =  1.3700 +/- 0.083785 L(0.1 - 10) 
orderSupSymDSCB =  40.000 +/- 0.00019645 L(0.1 - 40) 
