sigmaSymDSCB =  0.090352 +/- 0.012746 L(0.05 - 0.15) 
alphaInfSymDSCB =  1.4452 +/- 0.63589 L(0.1 - 10) 
orderInfSymDSCB =  2.4738 +/- 2.3117 L(0.1 - 10) 
alphaSupSymDSCB =  1.6518 +/- 0.45798 L(0.1 - 10) 
orderSupSymDSCB =  14.222 +/- 19.575 L(0.1 - 40) 
