alphaInf =  1.5826 +/- 0.30373 L(0.1 - 10) 
orderInf =  1.9069 +/- 0.82717 L(0.1 - 10) 
alphaSup =  1.7679 +/- 0.17020 L(0.1 - 10) 
orderSup =  12.054 +/- 8.7594 L(0.1 - 40) 
