sigmaSymDSCB =  0.086874 +/- 0.0022034 L(0.05 - 0.15) 
alphaInfSymDSCB =  1.4197 +/- 0.14047 L(0.1 - 10) 
orderInfSymDSCB =  2.4805 +/- 0.64128 L(0.1 - 10) 
alphaSupSymDSCB =  1.6937 +/- 0.11280 L(0.1 - 10) 
orderSupSymDSCB =  6.3621 +/- 2.2566 L(0.1 - 40) 
