sigmaSymDSCB =  0.096130 +/- 0.0061671 L(0.05 - 0.15) 
alphaInfSymDSCB =  1.3811 +/- 0.44796 L(0.1 - 10) 
orderInfSymDSCB =  3.5976 +/- 4.0568 L(0.1 - 10) 
alphaSupSymDSCB =  1.5318 +/- 0.16473 L(0.1 - 10) 
orderSupSymDSCB =  40.000 +/- 0.00039180 L(0.1 - 40) 
