sigmaSymDSCB =  0.072125 +/- 0.0045117 L(0.03 - 0.15) 
alphaInfSymDSCB =  1.0463 +/- 0.25768 L(0.1 - 10) 
orderInfSymDSCB =  3.0241 +/- 2.6279 L(0.1 - 10) 
alphaSupSymDSCB =  1.3214 +/- 0.22747 L(0.1 - 10) 
orderSupSymDSCB =  10.445 +/- 8.5697 L(0.1 - 200) 
