sigmaSymDSCB =  0.091309 +/- 0.010370 L(0.03 - 0.15) 
alphaInfSymDSCB =  1.0912 +/- 0.40474 L(0.1 - 10) 
orderInfSymDSCB =  5.1432 +/- 8.8289 L(0.1 - 10) 
alphaSupSymDSCB =  1.6455 +/- 0.61066 L(0.1 - 10) 
orderSupSymDSCB =  153.47 +/- 0.0014107 L(0.1 - 200) 
