alphaInfSymDSCB =  1.4147 +/- 0.020970 L(0.1 - 10) 
orderInfSymDSCB =  2.2588 +/- 0.075446 L(0.1 - 10) 
alphaSupSymDSCB =  1.4074 +/- 0.028856 L(0.1 - 10) 
orderSupSymDSCB =  13.363 +/- 1.9211 L(0.1 - 40) 
