sigmaSymDSCB =  0.099916 +/- 0.0025375 L(0.03 - 0.15) 
alphaInfSymDSCB =  1.5653 +/- 0.19893 L(0.1 - 10) 
orderInfSymDSCB =  1.8070 +/- 0.85198 L(0.1 - 10) 
alphaSupSymDSCB =  1.6259 +/- 0.17707 L(0.1 - 10) 
orderSupSymDSCB =  23.198 +/- 29.257 L(0.1 - 200) 
