sigmaSymDSCB =  0.079602 +/- 0.0053607 L(0.03 - 0.15) 
alphaInfSymDSCB =  1.2237 +/- 0.23120 L(0.1 - 10) 
orderInfSymDSCB =  2.9448 +/- 1.4356 L(0.1 - 10) 
alphaSupSymDSCB =  1.3764 +/- 0.24375 L(0.1 - 10) 
orderSupSymDSCB =  7.4296 +/- 4.3459 L(0.1 - 100) 
