sigmaSymDSCB =  0.090058 +/- 0.0023950 L(0.05 - 0.15) 
alphaInfSymDSCB =  1.7751 +/- 0.18953 L(0.1 - 10) 
orderInfSymDSCB =  1.4935 +/- 0.51608 L(0.1 - 10) 
alphaSupSymDSCB =  1.7451 +/- 0.20140 L(0.1 - 10) 
orderSupSymDSCB =  17.058 +/- 16.710 L(0.1 - 40) 
