alphaInfSymDSCB =  1.4842 +/- 0.019343 L(0.1 - 10) 
orderInfSymDSCB =  2.7032 +/- 0.064758 L(0.1 - 10) 
alphaSupSymDSCB =  1.8598 +/- 0.053761 L(0.1 - 10) 
orderSupSymDSCB =  7.2175 +/- 1.0162 L(0.1 - 40) 
