sigmaSymDSCB =  0.095675 +/- 0.0075832 L(0.05 - 0.15) 
alphaInfSymDSCB =  1.3887 +/- 0.21189 L(0.1 - 10) 
orderInfSymDSCB =  2.2566 +/- 0.85200 L(0.1 - 10) 
alphaSupSymDSCB =  1.5659 +/- 0.51174 L(0.1 - 10) 
orderSupSymDSCB =  7.9141 +/- 9.7019 L(0.1 - 40) 
