alphaInf =  1.7575 +/- 0.037039 L(0.1 - 10) 
orderInf =  1.4868 +/- 0.076999 L(0.1 - 10) 
alphaSup =  1.9834 +/- 0.24949 L(0.1 - 10) 
orderSup =  6.1809 +/- 3.3409 L(0.1 - 40) 
