sigmaSymDSCB =  0.080292 +/- 0.0025050 L(0.05 - 0.15) 
alphaInfSymDSCB =  1.4482 +/- 0.12314 L(0.1 - 10) 
orderInfSymDSCB =  2.1783 +/- 0.43710 L(0.1 - 10) 
alphaSupSymDSCB =  1.2365 +/- 0.084036 L(0.1 - 10) 
orderSupSymDSCB =  20.228 +/- 12.371 L(0.1 - 40) 
