sigmaSymDSCB =  0.098603 +/- 0.0026613 L(0.05 - 0.15) 
alphaInfSymDSCB =  1.5872 +/- 0.15833 L(0.1 - 10) 
orderInfSymDSCB =  1.9983 +/- 0.57783 L(0.1 - 10) 
alphaSupSymDSCB =  1.5644 +/- 0.095461 L(0.1 - 10) 
orderSupSymDSCB =  40.000 +/- 0.0056497 L(0.1 - 40) 
