sigmaSymDSCB =  0.091823 +/- 0.0033174 L(0.05 - 0.15) 
alphaInfSymDSCB =  1.2362 +/- 0.11825 L(0.1 - 10) 
orderInfSymDSCB =  3.2967 +/- 0.86072 L(0.1 - 10) 
alphaSupSymDSCB =  1.2544 +/- 0.10537 L(0.1 - 10) 
orderSupSymDSCB =  21.381 +/- 16.567 L(0.1 - 40) 
