sigmaSymDSCB =  0.084695 +/- 0.011555 L(0.05 - 0.15) 
alphaInfSymDSCB =  1.2955 +/- 0.74611 L(0.1 - 10) 
orderInfSymDSCB =  2.9580 +/- 4.1073 L(0.1 - 10) 
alphaSupSymDSCB =  1.1711 +/- 0.21505 L(0.1 - 10) 
orderSupSymDSCB =  40.000 +/- 0.0015501 L(0.1 - 40) 
