sigmaSymDSCB =  0.078692 +/- 0.0026861 L(0.03 - 0.15) 
alphaInfSymDSCB =  1.3075 +/- 0.16667 L(0.1 - 10) 
orderInfSymDSCB =  2.4053 +/- 0.82677 L(0.1 - 10) 
alphaSupSymDSCB =  1.2258 +/- 0.084167 L(0.1 - 10) 
orderSupSymDSCB =  49.975 +/- 59.930 L(0.1 - 200) 
