sigmaSymDSCB =  0.076450 +/- 0.0036506 L(0.05 - 0.15) 
alphaInfSymDSCB =  1.3199 +/- 0.11533 L(0.1 - 10) 
orderInfSymDSCB =  2.3527 +/- 0.39218 L(0.1 - 10) 
alphaSupSymDSCB =  1.2834 +/- 0.17482 L(0.1 - 10) 
orderSupSymDSCB =  37.797 +/- 60.679 L(0.1 - 40) 
