sigmaSymDSCB =  0.082725 +/- 0.0033933 L(0.05 - 0.15) 
alphaInfSymDSCB =  1.5455 +/- 0.19750 L(0.1 - 10) 
orderInfSymDSCB =  1.7954 +/- 0.49566 L(0.1 - 10) 
alphaSupSymDSCB =  1.5268 +/- 0.099513 L(0.1 - 10) 
orderSupSymDSCB =  40.000 +/- 0.043386 L(0.1 - 40) 
