sigmaSymDSCB =  0.084083 +/- 0.0022874 L(0.05 - 0.15) 
alphaInfSymDSCB =  1.4782 +/- 0.10536 L(0.1 - 10) 
orderInfSymDSCB =  2.1184 +/- 0.41325 L(0.1 - 10) 
alphaSupSymDSCB =  1.6224 +/- 0.15430 L(0.1 - 10) 
orderSupSymDSCB =  15.378 +/- 12.510 L(0.1 - 40) 
