alphaInf =  1.3886 +/- 0.021923 L(0.1 - 10) 
orderInf =  2.3025 +/- 0.070844 L(0.1 - 10) 
alphaSup =  1.3646 +/- 0.073478 L(0.1 - 10) 
orderSup =  11.278 +/- 3.2969 L(0.1 - 100) 
