alphaInf =  1.5128 +/- 0.042509 L(0.1 - 10) 
orderInf =  2.4072 +/- 0.15667 L(0.1 - 10) 
alphaSup =  1.6297 +/- 0.063432 L(0.1 - 10) 
orderSup =  14.487 +/- 4.5925 L(0.1 - 40) 
