sigmaSymDSCB =  0.081735 +/- 0.0027676 L(0.05 - 0.15) 
alphaInfSymDSCB =  1.4600 +/- 0.16745 L(0.1 - 10) 
orderInfSymDSCB =  2.1356 +/- 0.64939 L(0.1 - 10) 
alphaSupSymDSCB =  1.4176 +/- 0.090083 L(0.1 - 10) 
orderSupSymDSCB =  40.000 +/- 0.00062897 L(0.1 - 40) 
