sigmaSymDSCB =  0.080698 +/- 0.0031721 L(0.05 - 0.15) 
alphaInfSymDSCB =  1.3716 +/- 0.14008 L(0.1 - 10) 
orderInfSymDSCB =  2.2357 +/- 0.46399 L(0.1 - 10) 
alphaSupSymDSCB =  1.3094 +/- 0.11471 L(0.1 - 10) 
orderSupSymDSCB =  14.142 +/- 8.5188 L(0.1 - 40) 
