sigmaSymDSCB =  0.080471 +/- 0.0039656 L(0.05 - 0.15) 
alphaInfSymDSCB =  1.3456 +/- 0.15984 L(0.1 - 10) 
orderInfSymDSCB =  2.2211 +/- 0.51254 L(0.1 - 10) 
alphaSupSymDSCB =  1.3106 +/- 0.096530 L(0.1 - 10) 
orderSupSymDSCB =  40.000 +/- 0.00057465 L(0.1 - 40) 
