sigmaSymDSCB =  0.096926 +/- 0.0066064 L(0.05 - 0.15) 
alphaInfSymDSCB =  1.5303 +/- 0.21299 L(0.1 - 10) 
orderInfSymDSCB =  1.9729 +/- 0.62641 L(0.1 - 10) 
alphaSupSymDSCB =  1.4654 +/- 0.22216 L(0.1 - 10) 
orderSupSymDSCB =  40.000 +/- 0.00094328 L(0.1 - 40) 
