sigmaSymDSCB =  0.081422 +/- 0.0086464 L(0.05 - 0.15) 
alphaInfSymDSCB =  1.2764 +/- 0.23049 L(0.1 - 10) 
orderInfSymDSCB =  2.3758 +/- 1.0133 L(0.1 - 10) 
alphaSupSymDSCB =  1.6789 +/- 4.2001 L(0.1 - 10) 
orderSupSymDSCB =  19.599 +/- 725.39 L(0.1 - 40) 
