sigmaSymDSCB =  0.079669 +/- 0.0043992 L(0.05 - 0.15) 
alphaInfSymDSCB =  1.4087 +/- 0.20279 L(0.1 - 10) 
orderInfSymDSCB =  2.0142 +/- 0.56179 L(0.1 - 10) 
alphaSupSymDSCB =  1.2911 +/- 0.12914 L(0.1 - 10) 
orderSupSymDSCB =  31.647 +/- 26.060 L(0.1 - 40) 
