sigmaSymDSCB =  0.080058 +/- 0.012434 L(0.05 - 0.15) 
alphaInfSymDSCB =  1.0772 +/- 0.31599 L(0.1 - 10) 
orderInfSymDSCB =  5.9623 +/- 4.4222 L(0.1 - 10) 
alphaSupSymDSCB =  1.3252 +/- 0.33662 L(0.1 - 10) 
orderSupSymDSCB =  40.000 +/- 0.00063549 L(0.1 - 40) 
