sigmaSymDSCB =  0.083215 +/- 0.0085518 L(0.05 - 0.15) 
alphaInfSymDSCB =  1.0453 +/- 0.28098 L(0.1 - 10) 
orderInfSymDSCB =  4.3952 +/- 2.9244 L(0.1 - 10) 
alphaSupSymDSCB =  1.1092 +/- 0.14107 L(0.1 - 10) 
orderSupSymDSCB =  40.000 +/- 0.00087902 L(0.1 - 40) 
