alphaInfSymDSCB =  1.5289 +/- 0.013407 L(0.1 - 10) 
orderInfSymDSCB =  2.0842 +/- 0.027461 L(0.1 - 10) 
alphaSupSymDSCB =  1.7175 +/- 0.037610 L(0.1 - 10) 
orderSupSymDSCB =  9.4005 +/- 1.0899 L(0.1 - 40) 
