sigmaSymDSCB =  0.091415 +/- 0.0067072 L(0.05 - 0.15) 
alphaInfSymDSCB =  1.3614 +/- 0.33151 L(0.1 - 10) 
orderInfSymDSCB =  2.9385 +/- 1.7099 L(0.1 - 10) 
alphaSupSymDSCB =  1.4649 +/- 0.19994 L(0.1 - 10) 
orderSupSymDSCB =  8.2845 +/- 4.6376 L(0.1 - 40) 
