sigmaSymDSCB =  0.080109 +/- 0.016545 L(0.03 - 0.15) 
alphaInfSymDSCB =  0.76196 +/- 0.37753 L(0.1 - 10) 
orderInfSymDSCB =  86.340 +/- 1858.4 L(0.01 - 100) 
alphaSupSymDSCB =  1.0064 +/- 0.25410 L(0.1 - 10) 
orderSupSymDSCB =  135.58 +/- 0.0072964 L(0.1 - 200) 
