sigmaSymDSCB =  0.099277 +/- 0.0020651 L(0.03 - 0.15) 
alphaInfSymDSCB =  1.5679 +/- 0.19143 L(0.1 - 10) 
orderInfSymDSCB =  1.9018 +/- 0.98367 L(0.1 - 10) 
alphaSupSymDSCB =  1.6836 +/- 0.15547 L(0.1 - 10) 
orderSupSymDSCB =  12.741 +/- 8.7796 L(0.1 - 200) 
