alphaInfSymDSCB =  1.3893 +/- 0.025593 L(0.1 - 10) 
orderInfSymDSCB =  2.3254 +/- 0.093038 L(0.1 - 10) 
alphaSupSymDSCB =  1.3571 +/- 0.029806 L(0.1 - 10) 
orderSupSymDSCB =  14.966 +/- 2.5502 L(0.1 - 40) 
