sigmaSymDSCB =  0.074059 +/- 0.0034199 L(0.03 - 0.15) 
alphaInfSymDSCB =  1.1632 +/- 0.11348 L(0.1 - 10) 
orderInfSymDSCB =  3.0172 +/- 0.60467 L(0.01 - 10) 
alphaSupSymDSCB =  1.1240 +/- 0.098395 L(0.1 - 10) 
orderSupSymDSCB =  28.015 +/- 28.382 L(0.1 - 200) 
