sigmaSymDSCB =  0.060679 +/- 0.0077502 L(0.05 - 0.15) 
alphaInfSymDSCB =  0.99753 +/- 0.19489 L(0.1 - 10) 
orderInfSymDSCB =  2.8481 +/- 0.78320 L(0.1 - 10) 
alphaSupSymDSCB =  0.90965 +/- 0.13301 L(0.1 - 10) 
orderSupSymDSCB =  40.000 +/- 0.00014644 L(0.1 - 40) 
