sigmaSymDSCB =  0.080020 +/- 0.0047498 L(0.03 - 0.15) 
alphaInfSymDSCB =  1.0429 +/- 0.30996 L(0.1 - 10) 
orderInfSymDSCB =  4.1114 +/- 4.6852 L(0.1 - 10) 
alphaSupSymDSCB =  1.9013 +/- 0.25746 L(0.1 - 10) 
orderSupSymDSCB =  4.0473 +/- 2.5977 L(0.1 - 200) 
