alphaInfSymDSCB =  1.2996 +/- 0.036489 L(0.1 - 10) 
orderInfSymDSCB =  2.6883 +/- 0.16057 L(0.1 - 10) 
alphaSupSymDSCB =  1.4450 +/- 0.049917 L(0.1 - 10) 
orderSupSymDSCB =  11.949 +/- 2.1897 L(0.1 - 40) 
