sigmaSymDSCB =  0.088373 +/- 0.0084011 L(0.05 - 0.15) 
alphaInfSymDSCB =  1.2975 +/- 0.27460 L(0.1 - 10) 
orderInfSymDSCB =  2.1585 +/- 1.0428 L(0.1 - 10) 
alphaSupSymDSCB =  1.5286 +/- 0.42668 L(0.1 - 10) 
orderSupSymDSCB =  7.1431 +/- 7.5658 L(0.1 - 40) 
