sigmaSymDSCB =  0.10290 +/- 0.0043932 L(0.05 - 0.15) 
alphaInfSymDSCB =  1.5451 +/- 0.24667 L(0.1 - 10) 
orderInfSymDSCB =  1.9805 +/- 0.76722 L(0.1 - 10) 
alphaSupSymDSCB =  1.6171 +/- 0.28412 L(0.1 - 10) 
orderSupSymDSCB =  27.749 +/- 87.691 L(0.1 - 40) 
