sigmaSymDSCB =  0.087128 +/- 0.0032697 L(0.05 - 0.15) 
alphaInfSymDSCB =  1.4830 +/- 0.16702 L(0.1 - 10) 
orderInfSymDSCB =  1.9328 +/- 0.48628 L(0.1 - 10) 
alphaSupSymDSCB =  1.6595 +/- 0.17639 L(0.1 - 10) 
orderSupSymDSCB =  12.999 +/- 9.3893 L(0.1 - 40) 
