sigmaSymDSCB =  0.080488 +/- 0.0047860 L(0.05 - 0.15) 
alphaInfSymDSCB =  1.3927 +/- 0.21658 L(0.1 - 10) 
orderInfSymDSCB =  1.9970 +/- 0.82783 L(0.1 - 10) 
alphaSupSymDSCB =  1.3043 +/- 0.13587 L(0.1 - 10) 
orderSupSymDSCB =  40.000 +/- 0.00010876 L(0.1 - 40) 
