sigmaSymDSCB =  0.084382 +/- 0.010856 L(0.05 - 0.15) 
alphaInfSymDSCB =  1.0050 +/- 0.25350 L(0.1 - 10) 
orderInfSymDSCB =  4.3261 +/- 2.5806 L(0.1 - 10) 
alphaSupSymDSCB =  1.1829 +/- 0.21608 L(0.1 - 10) 
orderSupSymDSCB =  40.000 +/- 0.00030349 L(0.1 - 40) 
