sigmaSymDSCB =  0.10013 +/- 0.0034625 L(0.05 - 0.15) 
alphaInfSymDSCB =  1.5664 +/- 0.24373 L(0.1 - 10) 
orderInfSymDSCB =  2.2016 +/- 0.93798 L(0.1 - 10) 
alphaSupSymDSCB =  1.5135 +/- 0.10894 L(0.1 - 10) 
orderSupSymDSCB =  26.520 +/- 28.677 L(0.1 - 40) 
