sigmaSymDSCB =  0.093522 +/- 0.0045186 L(0.05 - 0.15) 
alphaInfSymDSCB =  1.4538 +/- 0.26531 L(0.1 - 10) 
orderInfSymDSCB =  1.8742 +/- 1.0127 L(0.1 - 10) 
alphaSupSymDSCB =  1.6204 +/- 0.16107 L(0.1 - 10) 
orderSupSymDSCB =  40.000 +/- 0.000011926 L(0.1 - 40) 
