sigmaSymDSCB =  0.082894 +/- 0.0035442 L(0.03 - 0.15) 
alphaInfSymDSCB =  1.2572 +/- 0.13091 L(0.1 - 10) 
orderInfSymDSCB =  4.1700 +/- 1.1857 L(0.01 - 10) 
alphaSupSymDSCB =  1.5746 +/- 0.24407 L(0.1 - 10) 
orderSupSymDSCB =  16.588 +/- 20.244 L(0.1 - 200) 
