sigmaSymDSCB =  0.092655 +/- 0.0041219 L(0.05 - 0.15) 
alphaInfSymDSCB =  1.5586 +/- 0.14925 L(0.1 - 10) 
orderInfSymDSCB =  2.2009 +/- 0.58172 L(0.1 - 10) 
alphaSupSymDSCB =  1.3523 +/- 0.11690 L(0.1 - 10) 
orderSupSymDSCB =  40.000 +/- 0.00021242 L(0.1 - 40) 
