sigmaSymDSCB =  0.089689 +/- 0.0026157 L(0.03 - 0.15) 
alphaInfSymDSCB =  1.4750 +/- 0.15322 L(0.1 - 10) 
orderInfSymDSCB =  2.3845 +/- 0.72244 L(0.01 - 10) 
alphaSupSymDSCB =  1.6598 +/- 0.13654 L(0.1 - 10) 
orderSupSymDSCB =  7.4479 +/- 3.1154 L(0.1 - 200) 
