sigmaSymDSCB =  0.078188 +/- 0.0025330 L(0.05 - 0.15) 
alphaInfSymDSCB =  1.3795 +/- 0.096049 L(0.1 - 10) 
orderInfSymDSCB =  2.2037 +/- 0.34158 L(0.1 - 10) 
alphaSupSymDSCB =  1.1980 +/- 0.084141 L(0.1 - 10) 
orderSupSymDSCB =  22.181 +/- 14.584 L(0.1 - 40) 
