sigmaSymDSCB =  0.10232 +/- 0.0030545 L(0.05 - 0.15) 
alphaInfSymDSCB =  1.5386 +/- 0.14678 L(0.1 - 10) 
orderInfSymDSCB =  2.2037 +/- 0.53377 L(0.1 - 10) 
alphaSupSymDSCB =  1.8464 +/- 0.21396 L(0.1 - 10) 
orderSupSymDSCB =  9.9737 +/- 6.5498 L(0.1 - 40) 
