alphaInf =  1.3697 +/- 0.025715 L(0.1 - 10) 
orderInf =  2.4272 +/- 0.099464 L(0.1 - 10) 
alphaSup =  1.3342 +/- 0.030477 L(0.1 - 10) 
orderSup =  16.942 +/- 3.4019 L(0.1 - 100) 
