alphaInf =  1.6363 +/- 0.053472 L(0.1 - 10) 
orderInf =  2.0894 +/- 0.20873 L(0.1 - 10) 
alphaSup =  1.8367 +/- 0.13821 L(0.1 - 10) 
orderSup =  9.5978 +/- 4.1359 L(0.1 - 40) 
