sigmaSymDSCB =  0.078652 +/- 0.0023444 L(0.05 - 0.15) 
alphaInfSymDSCB =  1.3570 +/- 0.10823 L(0.1 - 10) 
orderInfSymDSCB =  2.2544 +/- 0.41482 L(0.1 - 10) 
alphaSupSymDSCB =  1.3023 +/- 0.096811 L(0.1 - 10) 
orderSupSymDSCB =  19.490 +/- 12.340 L(0.1 - 40) 
