sigmaSymDSCB =  0.10220 +/- 0.0050990 L(0.05 - 0.15) 
alphaInfSymDSCB =  1.5442 +/- 0.32300 L(0.1 - 10) 
orderInfSymDSCB =  2.1074 +/- 1.1246 L(0.1 - 10) 
alphaSupSymDSCB =  1.6044 +/- 0.12760 L(0.1 - 10) 
orderSupSymDSCB =  40.000 +/- 0.031914 L(0.1 - 40) 
