sigmaSymDSCB =  0.074496 +/- 0.0070483 L(0.03 - 0.15) 
alphaInfSymDSCB =  1.0409 +/- 0.26045 L(0.1 - 10) 
orderInfSymDSCB =  3.5842 +/- 2.7493 L(0.1 - 10) 
alphaSupSymDSCB =  1.2301 +/- 0.18375 L(0.1 - 10) 
orderSupSymDSCB =  141.19 +/- 47.022 L(0.1 - 200) 
