alphaInfSymDSCB =  1.4648 +/- 0.023280 L(0.1 - 10) 
orderInfSymDSCB =  2.7684 +/- 0.078592 L(0.1 - 10) 
alphaSupSymDSCB =  1.7920 +/- 0.063609 L(0.1 - 10) 
orderSupSymDSCB =  8.2792 +/- 1.5440 L(0.1 - 40) 
