alphaInf =  1.5473 +/- 0.15062 L(0.1 - 10) 
orderInf =  2.2211 +/- 0.44115 L(0.1 - 10) 
alphaSup =  1.6395 +/- 0.095899 L(0.1 - 10) 
orderSup =  16.169 +/- 5.3035 L(0.1 - 40) 
