sigmaSymDSCB =  0.080010 +/- 0.0029278 L(0.03 - 0.15) 
alphaInfSymDSCB =  1.2599 +/- 0.10439 L(0.1 - 10) 
orderInfSymDSCB =  3.1261 +/- 0.56462 L(0.01 - 10) 
alphaSupSymDSCB =  1.2852 +/- 0.083638 L(0.1 - 10) 
orderSupSymDSCB =  146.82 +/- 97.377 L(0.1 - 200) 
