sigmaSymDSCB =  0.092064 +/- 0.0077457 L(0.05 - 0.15) 
alphaInfSymDSCB =  1.4272 +/- 0.33740 L(0.1 - 10) 
orderInfSymDSCB =  2.3612 +/- 1.2021 L(0.1 - 10) 
alphaSupSymDSCB =  1.2721 +/- 0.15307 L(0.1 - 10) 
orderSupSymDSCB =  40.000 +/- 0.00020284 L(0.1 - 40) 
