sigmaSymDSCB =  0.10611 +/- 0.0028301 L(0.05 - 0.15) 
alphaInfSymDSCB =  1.5261 +/- 0.17112 L(0.1 - 10) 
orderInfSymDSCB =  2.3834 +/- 0.83181 L(0.1 - 10) 
alphaSupSymDSCB =  1.8919 +/- 0.19946 L(0.1 - 10) 
orderSupSymDSCB =  8.4277 +/- 5.0523 L(0.1 - 40) 
