sigmaSymDSCB =  0.097021 +/- 0.0057922 L(0.05 - 0.15) 
alphaInfSymDSCB =  1.2877 +/- 0.23233 L(0.1 - 10) 
orderInfSymDSCB =  2.8240 +/- 1.2323 L(0.1 - 10) 
alphaSupSymDSCB =  1.6010 +/- 0.30883 L(0.1 - 10) 
orderSupSymDSCB =  13.444 +/- 14.299 L(0.1 - 40) 
