sigmaSymDSCB =  0.096825 +/- 0.0085043 L(0.05 - 0.15) 
alphaInfSymDSCB =  1.7138 +/- 0.29873 L(0.1 - 10) 
orderInfSymDSCB =  1.9636 +/- 0.86771 L(0.1 - 10) 
alphaSupSymDSCB =  1.5130 +/- 0.35134 L(0.1 - 10) 
orderSupSymDSCB =  40.000 +/- 0.00032028 L(0.1 - 40) 
