sigmaSymDSCB =  0.090333 +/- 0.0054393 L(0.05 - 0.15) 
alphaInfSymDSCB =  1.2423 +/- 0.18031 L(0.1 - 10) 
orderInfSymDSCB =  3.0988 +/- 0.96002 L(0.1 - 10) 
alphaSupSymDSCB =  1.3459 +/- 0.19975 L(0.1 - 10) 
orderSupSymDSCB =  23.475 +/- 26.492 L(0.1 - 40) 
