sigmaSymDSCB =  0.094025 +/- 0.0034827 L(0.05 - 0.15) 
alphaInfSymDSCB =  1.6008 +/- 0.18875 L(0.1 - 10) 
orderInfSymDSCB =  1.8356 +/- 0.57510 L(0.1 - 10) 
alphaSupSymDSCB =  2.0199 +/- 0.25954 L(0.1 - 10) 
orderSupSymDSCB =  2.8404 +/- 1.4308 L(0.1 - 40) 
