sigmaSymDSCB =  0.089780 +/- 0.0025554 L(0.03 - 0.15) 
alphaInfSymDSCB =  1.5628 +/- 0.17361 L(0.1 - 10) 
orderInfSymDSCB =  2.3522 +/- 0.75785 L(0.01 - 10) 
alphaSupSymDSCB =  1.8815 +/- 0.15464 L(0.1 - 10) 
orderSupSymDSCB =  4.2593 +/- 1.6558 L(0.1 - 200) 
