sigmaSymDSCB =  0.089299 +/- 0.0059520 L(0.05 - 0.15) 
alphaInfSymDSCB =  1.3532 +/- 0.31003 L(0.1 - 10) 
orderInfSymDSCB =  2.9026 +/- 1.7667 L(0.1 - 10) 
alphaSupSymDSCB =  1.6578 +/- 0.25082 L(0.1 - 10) 
orderSupSymDSCB =  13.212 +/- 14.683 L(0.1 - 40) 
