sigmaSymDSCB =  0.088828 +/- 0.027484 L(0.05 - 0.15) 
alphaInfSymDSCB =  1.2951 +/- 0.40597 L(0.1 - 10) 
orderInfSymDSCB =  2.3840 +/- 0.91075 L(0.1 - 10) 
alphaSupSymDSCB =  1.5055 +/- 1.4273 L(0.1 - 10) 
orderSupSymDSCB =  4.3813 +/- 9.3170 L(0.1 - 40) 
