sigmaSymDSCB =  0.083849 +/- 0.0025300 L(0.05 - 0.15) 
alphaInfSymDSCB =  1.5463 +/- 0.14119 L(0.1 - 10) 
orderInfSymDSCB =  2.0794 +/- 0.45569 L(0.1 - 10) 
alphaSupSymDSCB =  1.4193 +/- 0.10655 L(0.1 - 10) 
orderSupSymDSCB =  33.193 +/- 33.838 L(0.1 - 40) 
