sigmaSymDSCB =  0.091233 +/- 0.0065701 L(0.03 - 0.15) 
alphaInfSymDSCB =  1.2740 +/- 0.39781 L(0.1 - 10) 
orderInfSymDSCB =  3.0924 +/- 2.8693 L(0.1 - 10) 
alphaSupSymDSCB =  1.4350 +/- 0.24306 L(0.1 - 10) 
orderSupSymDSCB =  18.381 +/- 25.815 L(0.1 - 200) 
