sigmaSymDSCB =  0.093728 +/- 0.0050447 L(0.05 - 0.15) 
alphaInfSymDSCB =  1.4357 +/- 0.25329 L(0.1 - 10) 
orderInfSymDSCB =  2.4601 +/- 1.0199 L(0.1 - 10) 
alphaSupSymDSCB =  1.4358 +/- 0.15769 L(0.1 - 10) 
orderSupSymDSCB =  14.727 +/- 11.055 L(0.1 - 40) 
