alphaInf =  1.6666 +/- 0.36884 L(0.1 - 10) 
orderInf =  1.8242 +/- 1.1643 L(0.1 - 10) 
alphaSup =  1.8745 +/- 0.32476 L(0.1 - 10) 
orderSup =  8.2422 +/- 7.6951 L(0.1 - 40) 
