sigmaSymDSCB =  0.085881 +/- 0.0080434 L(0.03 - 0.15) 
alphaInfSymDSCB =  1.2120 +/- 0.30157 L(0.1 - 10) 
orderInfSymDSCB =  3.2309 +/- 2.0939 L(0.1 - 10) 
alphaSupSymDSCB =  1.7693 +/- 0.57137 L(0.1 - 10) 
orderSupSymDSCB =  5.8886 +/- 7.2732 L(0.1 - 200) 
