sigmaSymDSCB =  0.10418 +/- 0.0031896 L(0.05 - 0.15) 
alphaInfSymDSCB =  1.6742 +/- 0.24523 L(0.1 - 10) 
orderInfSymDSCB =  1.9256 +/- 0.92380 L(0.1 - 10) 
alphaSupSymDSCB =  1.6657 +/- 0.11862 L(0.1 - 10) 
orderSupSymDSCB =  40.000 +/- 0.0034896 L(0.1 - 40) 
