sigmaSymDSCB =  0.088352 +/- 0.0081575 L(0.05 - 0.15) 
alphaInfSymDSCB =  1.5250 +/- 0.27921 L(0.1 - 10) 
orderInfSymDSCB =  1.9090 +/- 0.73861 L(0.1 - 10) 
alphaSupSymDSCB =  1.7003 +/- 0.57880 L(0.1 - 10) 
orderSupSymDSCB =  5.6064 +/- 5.9967 L(0.1 - 40) 
