sigmaSymDSCB =  0.077645 +/- 0.0020158 L(0.05 - 0.15) 
alphaInfSymDSCB =  1.4388 +/- 0.096171 L(0.1 - 10) 
orderInfSymDSCB =  2.1703 +/- 0.34681 L(0.1 - 10) 
alphaSupSymDSCB =  1.5447 +/- 0.37188 L(0.1 - 10) 
orderSupSymDSCB =  12.045 +/- 27.093 L(0.1 - 40) 
