sigmaSymDSCB =  0.087559 +/- 0.0034736 L(0.05 - 0.15) 
alphaInfSymDSCB =  1.7844 +/- 0.22123 L(0.1 - 10) 
orderInfSymDSCB =  1.5277 +/- 0.54796 L(0.1 - 10) 
alphaSupSymDSCB =  1.3708 +/- 0.29886 L(0.1 - 10) 
orderSupSymDSCB =  35.323 +/- 178.27 L(0.1 - 40) 
