sigmaSymDSCB =  0.084680 +/- 0.0078277 L(0.05 - 0.15) 
alphaInfSymDSCB =  1.0607 +/- 0.21568 L(0.1 - 10) 
orderInfSymDSCB =  4.3712 +/- 2.0711 L(0.1 - 10) 
alphaSupSymDSCB =  1.1655 +/- 0.14564 L(0.1 - 10) 
orderSupSymDSCB =  40.000 +/- 0.00023442 L(0.1 - 40) 
