sigmaSymDSCB =  0.092267 +/- 0.0026081 L(0.05 - 0.15) 
alphaInfSymDSCB =  1.6239 +/- 0.17280 L(0.1 - 10) 
orderInfSymDSCB =  1.8754 +/- 0.56384 L(0.1 - 10) 
alphaSupSymDSCB =  1.9893 +/- 0.23693 L(0.1 - 10) 
orderSupSymDSCB =  4.9651 +/- 2.5078 L(0.1 - 40) 
