sigmaSymDSCB =  0.10400 +/- 0.0030182 L(0.05 - 0.15) 
alphaInfSymDSCB =  1.4262 +/- 0.14967 L(0.1 - 10) 
orderInfSymDSCB =  2.5363 +/- 0.71616 L(0.1 - 10) 
alphaSupSymDSCB =  1.6777 +/- 0.15749 L(0.1 - 10) 
orderSupSymDSCB =  13.913 +/- 10.090 L(0.1 - 40) 
