sigmaSymDSCB =  0.10489 +/- 0.0025629 L(0.05 - 0.15) 
alphaInfSymDSCB =  1.7462 +/- 0.20456 L(0.1 - 10) 
orderInfSymDSCB =  1.4465 +/- 0.53712 L(0.1 - 10) 
alphaSupSymDSCB =  2.6990 +/- 0.39271 L(0.1 - 10) 
orderSupSymDSCB =  1.9854 +/- 1.5166 L(0.1 - 40) 
