sigmaSymDSCB =  0.092927 +/- 0.0024622 L(0.05 - 0.15) 
alphaInfSymDSCB =  1.6141 +/- 0.13385 L(0.1 - 10) 
orderInfSymDSCB =  1.7261 +/- 0.37558 L(0.1 - 10) 
alphaSupSymDSCB =  1.6882 +/- 0.13914 L(0.1 - 10) 
orderSupSymDSCB =  7.6439 +/- 3.4355 L(0.1 - 40) 
