sigmaSymDSCB =  0.076930 +/- 0.0026260 L(0.05 - 0.15) 
alphaInfSymDSCB =  1.3596 +/- 0.10711 L(0.1 - 10) 
orderInfSymDSCB =  2.2543 +/- 0.34497 L(0.1 - 10) 
alphaSupSymDSCB =  1.2831 +/- 0.10973 L(0.1 - 10) 
orderSupSymDSCB =  13.525 +/- 7.8670 L(0.1 - 40) 
