sigmaSymDSCB =  0.090562 +/- 0.0043168 L(0.05 - 0.15) 
alphaInfSymDSCB =  1.6839 +/- 0.26535 L(0.1 - 10) 
orderInfSymDSCB =  1.8223 +/- 0.86449 L(0.1 - 10) 
alphaSupSymDSCB =  1.4200 +/- 0.13053 L(0.1 - 10) 
orderSupSymDSCB =  40.000 +/- 0.00077735 L(0.1 - 40) 
