sigmaSymDSCB =  0.081503 +/- 0.0021391 L(0.05 - 0.15) 
alphaInfSymDSCB =  1.4142 +/- 0.10061 L(0.1 - 10) 
orderInfSymDSCB =  2.0803 +/- 0.31463 L(0.1 - 10) 
alphaSupSymDSCB =  1.3491 +/- 0.072290 L(0.1 - 10) 
orderSupSymDSCB =  14.916 +/- 5.1602 L(0.1 - 40) 
