sigmaSymDSCB =  0.085828 +/- 0.0037830 L(0.05 - 0.15) 
alphaInfSymDSCB =  1.5018 +/- 0.22908 L(0.1 - 10) 
orderInfSymDSCB =  1.8210 +/- 0.68282 L(0.1 - 10) 
alphaSupSymDSCB =  1.5202 +/- 0.12694 L(0.1 - 10) 
orderSupSymDSCB =  9.4876 +/- 3.9707 L(0.1 - 40) 
