sigmaSymDSCB =  0.081390 +/- 0.0052296 L(0.05 - 0.15) 
alphaInfSymDSCB =  1.2838 +/- 0.20258 L(0.1 - 10) 
orderInfSymDSCB =  2.1782 +/- 0.92741 L(0.1 - 10) 
alphaSupSymDSCB =  1.3803 +/- 0.18802 L(0.1 - 10) 
orderSupSymDSCB =  40.000 +/- 0.00040902 L(0.1 - 40) 
