sigmaSymDSCB =  0.085639 +/- 0.0053284 L(0.03 - 0.15) 
alphaInfSymDSCB =  1.2124 +/- 0.38487 L(0.1 - 10) 
orderInfSymDSCB =  2.9010 +/- 3.0152 L(0.01 - 10) 
alphaSupSymDSCB =  1.3897 +/- 0.13753 L(0.1 - 10) 
orderSupSymDSCB =  148.67 +/- 33.067 L(0.1 - 200) 
