sigmaSymDSCB =  0.10339 +/- 0.0030552 L(0.03 - 0.15) 
alphaInfSymDSCB =  1.7794 +/- 0.16448 L(0.1 - 10) 
orderInfSymDSCB =  1.4136 +/- 0.48131 L(0.01 - 10) 
alphaSupSymDSCB =  1.4360 +/- 0.10715 L(0.1 - 10) 
orderSupSymDSCB =  150.83 +/- 354.16 L(0.1 - 200) 
