sigmaSymDSCB =  0.10584 +/- 0.0029411 L(0.03 - 0.15) 
alphaInfSymDSCB =  1.5025 +/- 0.28804 L(0.1 - 10) 
orderInfSymDSCB =  2.5435 +/- 2.0306 L(0.1 - 10) 
alphaSupSymDSCB =  1.7778 +/- 0.31871 L(0.1 - 10) 
orderSupSymDSCB =  18.023 +/- 42.001 L(0.1 - 200) 
