sigmaSymDSCB =  0.088477 +/- 0.0037451 L(0.03 - 0.15) 
alphaInfSymDSCB =  1.8997 +/- 0.27482 L(0.1 - 10) 
orderInfSymDSCB =  1.1998 +/- 0.61255 L(0.01 - 10) 
alphaSupSymDSCB =  1.3967 +/- 0.15867 L(0.1 - 10) 
orderSupSymDSCB =  30.508 +/- 48.186 L(0.1 - 200) 
