sigmaSymDSCB =  0.081813 +/- 0.0067676 L(0.05 - 0.15) 
alphaInfSymDSCB =  1.2860 +/- 0.24071 L(0.1 - 10) 
orderInfSymDSCB =  2.3341 +/- 1.0738 L(0.1 - 10) 
alphaSupSymDSCB =  1.4247 +/- 0.34935 L(0.1 - 10) 
orderSupSymDSCB =  15.636 +/- 19.470 L(0.1 - 40) 
