sigmaSymDSCB =  0.083263 +/- 0.023227 L(0.05 - 0.15) 
alphaInfSymDSCB =  1.6110 +/- 0.82558 L(0.1 - 10) 
orderInfSymDSCB =  2.0817 +/- 2.0598 L(0.1 - 10) 
alphaSupSymDSCB =  1.2985 +/- 3.6298 L(0.1 - 10) 
orderSupSymDSCB =  38.075 +/- 2015.8 L(0.1 - 40) 
