sigmaSymDSCB =  0.091509 +/- 0.0021192 L(0.03 - 0.15) 
alphaInfSymDSCB =  1.2884 +/- 0.10373 L(0.1 - 10) 
orderInfSymDSCB =  2.9056 +/- 0.71079 L(0.1 - 10) 
alphaSupSymDSCB =  1.5128 +/- 0.15343 L(0.1 - 10) 
orderSupSymDSCB =  11.473 +/- 8.9232 L(0.1 - 1000) 
