sigmaSymDSCB =  0.081248 +/- 0.0020686 L(0.05 - 0.15) 
alphaInfSymDSCB =  1.4035 +/- 0.073421 L(0.1 - 10) 
orderInfSymDSCB =  2.0927 +/- 0.26062 L(0.1 - 10) 
alphaSupSymDSCB =  1.2890 +/- 0.057866 L(0.1 - 10) 
orderSupSymDSCB =  40.000 +/- 0.000019194 L(0.1 - 40) 
