sigmaSymDSCB =  0.080376 +/- 0.017327 L(0.05 - 0.15) 
alphaInfSymDSCB =  1.0647 +/- 0.42989 L(0.1 - 10) 
orderInfSymDSCB =  4.1519 +/- 2.8956 L(0.1 - 10) 
alphaSupSymDSCB =  1.0503 +/- 0.27690 L(0.1 - 10) 
orderSupSymDSCB =  40.000 +/- 0.000057370 L(0.1 - 40) 
