sigmaSymDSCB =  0.089098 +/- 0.0053562 L(0.05 - 0.15) 
alphaInfSymDSCB =  1.2261 +/- 0.21350 L(0.1 - 10) 
orderInfSymDSCB =  5.2958 +/- 3.2692 L(0.1 - 10) 
alphaSupSymDSCB =  3.0930 +/- 0.30011 L(0.1 - 10) 
orderSupSymDSCB =  3.8117 +/- 2.1150 L(0.1 - 40) 
