sigmaSymDSCB =  0.074771 +/- 0.0047794 L(0.03 - 0.15) 
alphaInfSymDSCB =  1.2413 +/- 0.17228 L(0.1 - 10) 
orderInfSymDSCB =  2.9877 +/- 0.91813 L(0.1 - 10) 
alphaSupSymDSCB =  1.1566 +/- 0.16613 L(0.1 - 10) 
orderSupSymDSCB =  17.158 +/- 14.840 L(0.1 - 1000) 
