sigmaSymDSCB =  0.086321 +/- 0.0028684 L(0.03 - 0.15) 
alphaInfSymDSCB =  1.3849 +/- 0.27872 L(0.1 - 10) 
orderInfSymDSCB =  2.8977 +/- 2.0108 L(0.1 - 10) 
alphaSupSymDSCB =  1.5525 +/- 0.13068 L(0.1 - 10) 
orderSupSymDSCB =  12.834 +/- 6.9336 L(0.1 - 200) 
