sigmaSymDSCB =  0.097932 +/- 0.0045644 L(0.05 - 0.15) 
alphaInfSymDSCB =  1.6224 +/- 0.23291 L(0.1 - 10) 
orderInfSymDSCB =  1.6755 +/- 0.60116 L(0.1 - 10) 
alphaSupSymDSCB =  1.5906 +/- 0.16645 L(0.1 - 10) 
orderSupSymDSCB =  40.000 +/- 0.00051826 L(0.1 - 40) 
