sigmaSymDSCB =  0.073662 +/- 0.0046458 L(0.03 - 0.15) 
alphaInfSymDSCB =  0.98117 +/- 0.26575 L(0.1 - 10) 
orderInfSymDSCB =  7.4417 +/- 10.303 L(0.1 - 10) 
alphaSupSymDSCB =  1.2312 +/- 0.13651 L(0.1 - 10) 
orderSupSymDSCB =  145.09 +/- 157.25 L(0.1 - 200) 
