sigmaSymDSCB =  0.084227 +/- 0.0039807 L(0.03 - 0.15) 
alphaInfSymDSCB =  1.4642 +/- 0.21122 L(0.1 - 10) 
orderInfSymDSCB =  2.3228 +/- 0.80783 L(0.01 - 10) 
alphaSupSymDSCB =  1.4241 +/- 0.18402 L(0.1 - 10) 
orderSupSymDSCB =  14.888 +/- 12.807 L(0.1 - 200) 
