alphaInfSymDSCB =  1.4904 +/- 0.021011 L(0.1 - 10) 
orderInfSymDSCB =  2.7571 +/- 0.071004 L(0.1 - 10) 
alphaSupSymDSCB =  1.7365 +/- 0.053488 L(0.1 - 10) 
orderSupSymDSCB =  9.0182 +/- 1.4988 L(0.1 - 40) 
