sigmaSymDSCB =  0.081507 +/- 0.0033031 L(0.05 - 0.15) 
alphaInfSymDSCB =  1.4954 +/- 0.12670 L(0.1 - 10) 
orderInfSymDSCB =  2.1473 +/- 0.39538 L(0.1 - 10) 
alphaSupSymDSCB =  1.4666 +/- 0.21441 L(0.1 - 10) 
orderSupSymDSCB =  21.113 +/- 24.520 L(0.1 - 40) 
