sigmaSymDSCB =  0.079663 +/- 0.0017651 L(0.05 - 0.15) 
alphaInfSymDSCB =  1.3801 +/- 0.085004 L(0.1 - 10) 
orderInfSymDSCB =  2.1715 +/- 0.28816 L(0.1 - 10) 
alphaSupSymDSCB =  1.4843 +/- 0.074026 L(0.1 - 10) 
orderSupSymDSCB =  11.471 +/- 3.1172 L(0.1 - 40) 
