sigmaSymDSCB =  0.093191 +/- 0.0021631 L(0.03 - 0.15) 
alphaInfSymDSCB =  1.3107 +/- 0.10738 L(0.1 - 10) 
orderInfSymDSCB =  3.0412 +/- 0.81071 L(0.1 - 10) 
alphaSupSymDSCB =  1.3717 +/- 0.093257 L(0.1 - 10) 
orderSupSymDSCB =  142.99 +/- 566.23 L(0.1 - 1000) 
