sigmaSymDSCB =  0.090846 +/- 0.0055104 L(0.03 - 0.15) 
alphaInfSymDSCB =  1.7543 +/- 0.17328 L(0.1 - 10) 
orderInfSymDSCB =  1.1833 +/- 0.40014 L(0.01 - 10) 
alphaSupSymDSCB =  1.8279 +/- 0.66233 L(0.1 - 10) 
orderSupSymDSCB =  4.8217 +/- 6.9396 L(0.1 - 200) 
