sigmaSymDSCB =  0.077831 +/- 0.0028599 L(0.03 - 0.15) 
alphaInfSymDSCB =  1.3366 +/- 0.11435 L(0.1 - 10) 
orderInfSymDSCB =  2.4372 +/- 0.48797 L(0.01 - 10) 
alphaSupSymDSCB =  1.1998 +/- 0.092714 L(0.1 - 10) 
orderSupSymDSCB =  19.920 +/- 13.425 L(0.1 - 200) 
