sigmaSymDSCB =  0.088995 +/- 0.0068093 L(0.05 - 0.15) 
alphaInfSymDSCB =  1.4671 +/- 0.24240 L(0.1 - 10) 
orderInfSymDSCB =  2.1983 +/- 0.97856 L(0.1 - 10) 
alphaSupSymDSCB =  1.8353 +/- 0.66807 L(0.1 - 10) 
orderSupSymDSCB =  4.4941 +/- 5.1326 L(0.1 - 40) 
