sigmaSymDSCB =  0.083737 +/- 0.0026674 L(0.05 - 0.15) 
alphaInfSymDSCB =  1.6168 +/- 0.13854 L(0.1 - 10) 
orderInfSymDSCB =  1.8561 +/- 0.42106 L(0.1 - 10) 
alphaSupSymDSCB =  1.4487 +/- 0.097666 L(0.1 - 10) 
orderSupSymDSCB =  40.000 +/- 0.0065409 L(0.1 - 40) 
