sigmaSymDSCB =  0.080135 +/- 0.0024536 L(0.05 - 0.15) 
alphaInfSymDSCB =  1.4506 +/- 0.11336 L(0.1 - 10) 
orderInfSymDSCB =  2.0849 +/- 0.36098 L(0.1 - 10) 
alphaSupSymDSCB =  1.2364 +/- 0.082172 L(0.1 - 10) 
orderSupSymDSCB =  24.297 +/- 16.611 L(0.1 - 40) 
