sigmaSymDSCB =  0.077223 +/- 0.0030513 L(0.05 - 0.15) 
alphaInfSymDSCB =  1.2877 +/- 0.13185 L(0.1 - 10) 
orderInfSymDSCB =  2.5541 +/- 0.52185 L(0.1 - 10) 
alphaSupSymDSCB =  1.4364 +/- 0.14144 L(0.1 - 10) 
orderSupSymDSCB =  9.1665 +/- 4.5583 L(0.1 - 40) 
