sigmaSymDSCB =  0.077643 +/- 0.0023127 L(0.05 - 0.15) 
alphaInfSymDSCB =  1.3229 +/- 0.086095 L(0.1 - 10) 
orderInfSymDSCB =  2.3509 +/- 0.32010 L(0.1 - 10) 
alphaSupSymDSCB =  1.3154 +/- 0.10262 L(0.1 - 10) 
orderSupSymDSCB =  32.428 +/- 32.340 L(0.1 - 40) 
