sigmaSymDSCB =  0.080080 +/- 0.0055982 L(0.05 - 0.15) 
alphaInfSymDSCB =  1.4072 +/- 0.30305 L(0.1 - 10) 
orderInfSymDSCB =  2.1550 +/- 0.97224 L(0.1 - 10) 
alphaSupSymDSCB =  1.4689 +/- 0.21712 L(0.1 - 10) 
orderSupSymDSCB =  14.856 +/- 16.571 L(0.1 - 40) 
