sigmaSymDSCB =  0.085144 +/- 0.0037673 L(0.05 - 0.15) 
alphaInfSymDSCB =  1.4303 +/- 0.27148 L(0.1 - 10) 
orderInfSymDSCB =  2.3378 +/- 1.3789 L(0.1 - 10) 
alphaSupSymDSCB =  1.4352 +/- 0.12004 L(0.1 - 10) 
orderSupSymDSCB =  40.000 +/- 0.000013577 L(0.1 - 40) 
