sigmaSymDSCB =  0.094363 +/- 0.0029719 L(0.03 - 0.15) 
alphaInfSymDSCB =  1.2800 +/- 0.17645 L(0.1 - 10) 
orderInfSymDSCB =  3.4320 +/- 1.6394 L(0.1 - 10) 
alphaSupSymDSCB =  1.7452 +/- 0.18447 L(0.1 - 10) 
orderSupSymDSCB =  11.973 +/- 7.9146 L(0.1 - 1000) 
