sigmaSymDSCB =  0.076619 +/- 0.0030743 L(0.05 - 0.15) 
alphaInfSymDSCB =  1.2487 +/- 0.11244 L(0.1 - 10) 
orderInfSymDSCB =  2.6560 +/- 0.48230 L(0.1 - 10) 
alphaSupSymDSCB =  1.2037 +/- 0.10267 L(0.1 - 10) 
orderSupSymDSCB =  22.562 +/- 17.155 L(0.1 - 40) 
