sigmaSymDSCB =  0.077468 +/- 0.0015224 L(0.03 - 0.15) 
alphaInfSymDSCB =  1.1835 +/- 0.053695 L(0.1 - 10) 
orderInfSymDSCB =  2.9146 +/- 0.34979 L(0.1 - 10) 
alphaSupSymDSCB =  1.2218 +/- 0.069178 L(0.1 - 10) 
orderSupSymDSCB =  22.228 +/- 12.212 L(0.1 - 1000) 
