sigmaSymDSCB =  0.098997 +/- 0.0040504 L(0.03 - 0.15) 
alphaInfSymDSCB =  1.3435 +/- 0.32319 L(0.1 - 10) 
orderInfSymDSCB =  3.3804 +/- 3.0501 L(0.1 - 10) 
alphaSupSymDSCB =  1.7818 +/- 0.46055 L(0.1 - 10) 
orderSupSymDSCB =  12.333 +/- 28.605 L(0.1 - 200) 
