alphaInfSymDSCB =  1.4835 +/- 0.024500 L(0.1 - 10) 
orderInfSymDSCB =  2.6297 +/- 0.078209 L(0.1 - 10) 
alphaSupSymDSCB =  1.7285 +/- 0.061236 L(0.1 - 10) 
orderSupSymDSCB =  11.109 +/- 2.5771 L(0.1 - 40) 
