sigmaSymDSCB =  0.087784 +/- 0.0072005 L(0.05 - 0.15) 
alphaInfSymDSCB =  1.4463 +/- 0.31427 L(0.1 - 10) 
orderInfSymDSCB =  2.3182 +/- 1.1918 L(0.1 - 10) 
alphaSupSymDSCB =  1.1817 +/- 0.13857 L(0.1 - 10) 
orderSupSymDSCB =  39.998 +/- 0.053243 L(0.1 - 40) 
