sigmaSymDSCB =  0.089216 +/- 0.0040291 L(0.03 - 0.15) 
alphaInfSymDSCB =  1.4337 +/- 0.29561 L(0.1 - 10) 
orderInfSymDSCB =  2.3615 +/- 1.4901 L(0.1 - 10) 
alphaSupSymDSCB =  1.3923 +/- 0.098060 L(0.1 - 10) 
orderSupSymDSCB =  148.06 +/- 195.99 L(0.1 - 200) 
