alphaInf =  1.4594 +/- 0.019388 L(0.1 - 10) 
orderInf =  2.1161 +/- 0.063477 L(0.1 - 10) 
alphaSup =  1.4391 +/- 0.026287 L(0.1 - 10) 
orderSup =  12.863 +/- 1.5727 L(0.1 - 100) 
