sigmaSymDSCB =  0.080485 +/- 0.0026773 L(0.05 - 0.15) 
alphaInfSymDSCB =  1.4045 +/- 0.10716 L(0.1 - 10) 
orderInfSymDSCB =  2.1973 +/- 0.34467 L(0.1 - 10) 
alphaSupSymDSCB =  1.3190 +/- 0.075101 L(0.1 - 10) 
orderSupSymDSCB =  40.000 +/- 0.0041585 L(0.1 - 40) 
