sigmaSymDSCB =  0.079280 +/- 0.010384 L(0.03 - 0.15) 
alphaInfSymDSCB =  1.5766 +/- 0.54365 L(0.1 - 10) 
orderInfSymDSCB =  2.4757 +/- 3.0438 L(0.1 - 10) 
alphaSupSymDSCB =  1.4482 +/- 0.45904 L(0.1 - 10) 
orderSupSymDSCB =  148.68 +/- 54.729 L(0.1 - 200) 
