sigmaSymDSCB =  0.087920 +/- 0.0070817 L(0.05 - 0.15) 
alphaInfSymDSCB =  1.5769 +/- 0.24284 L(0.1 - 10) 
orderInfSymDSCB =  1.7553 +/- 0.64692 L(0.1 - 10) 
alphaSupSymDSCB =  1.2144 +/- 0.18350 L(0.1 - 10) 
orderSupSymDSCB =  40.000 +/- 0.0019701 L(0.1 - 40) 
