alphaInfSymDSCB =  1.6075 +/- 0.042952 L(0.1 - 10) 
orderInfSymDSCB =  2.1695 +/- 0.18607 L(0.1 - 10) 
alphaSupSymDSCB =  1.7457 +/- 0.066614 L(0.1 - 10) 
orderSupSymDSCB =  8.6655 +/- 2.0042 L(0.1 - 40) 
