sigmaSymDSCB =  0.082905 +/- 0.0035418 L(0.03 - 0.15) 
alphaInfSymDSCB =  1.3293 +/- 0.16597 L(0.1 - 10) 
orderInfSymDSCB =  2.3937 +/- 0.68958 L(0.01 - 10) 
alphaSupSymDSCB =  1.5330 +/- 0.14836 L(0.1 - 10) 
orderSupSymDSCB =  40.401 +/- 76.508 L(0.1 - 200) 
