sigmaSymDSCB =  0.080104 +/- 0.0023724 L(0.05 - 0.15) 
alphaInfSymDSCB =  1.2271 +/- 0.092298 L(0.1 - 10) 
orderInfSymDSCB =  2.7638 +/- 0.49647 L(0.1 - 10) 
alphaSupSymDSCB =  1.3866 +/- 0.11178 L(0.1 - 10) 
orderSupSymDSCB =  17.775 +/- 11.674 L(0.1 - 40) 
