sigmaSymDSCB =  0.092633 +/- 0.0043552 L(0.05 - 0.15) 
alphaInfSymDSCB =  1.2716 +/- 0.21095 L(0.1 - 10) 
orderInfSymDSCB =  2.6497 +/- 1.0316 L(0.1 - 10) 
alphaSupSymDSCB =  2.4739 +/- 0.20718 L(0.1 - 10) 
orderSupSymDSCB =  3.2384 +/- 1.4489 L(0.1 - 40) 
