sigmaSymDSCB =  0.089098 +/- 0.0041088 L(0.05 - 0.15) 
alphaInfSymDSCB =  1.5201 +/- 0.21402 L(0.1 - 10) 
orderInfSymDSCB =  2.2145 +/- 0.78879 L(0.1 - 10) 
alphaSupSymDSCB =  1.6140 +/- 0.45056 L(0.1 - 10) 
orderSupSymDSCB =  40.000 +/- 1.4997 L(0.1 - 40) 
