sigmaSymDSCB =  0.084279 +/- 0.0033185 L(0.05 - 0.15) 
alphaInfSymDSCB =  1.6646 +/- 0.24542 L(0.1 - 10) 
orderInfSymDSCB =  1.6427 +/- 0.65363 L(0.1 - 10) 
alphaSupSymDSCB =  1.5073 +/- 0.10734 L(0.1 - 10) 
orderSupSymDSCB =  40.000 +/- 0.00098218 L(0.1 - 40) 
