sigmaSymDSCB =  0.085620 +/- 0.030149 L(0.05 - 0.15) 
alphaInfSymDSCB =  1.1627 +/- 0.78134 L(0.1 - 10) 
orderInfSymDSCB =  3.4118 +/- 3.6470 L(0.1 - 10) 
alphaSupSymDSCB =  1.6210 +/- 2.5919 L(0.1 - 10) 
orderSupSymDSCB =  8.8296 +/- 72.902 L(0.1 - 40) 
