sigmaSymDSCB =  0.10079 +/- 0.0039197 L(0.05 - 0.15) 
alphaInfSymDSCB =  1.7973 +/- 0.16937 L(0.1 - 10) 
orderInfSymDSCB =  1.5005 +/- 0.52189 L(0.1 - 10) 
alphaSupSymDSCB =  1.8678 +/- 0.42447 L(0.1 - 10) 
orderSupSymDSCB =  6.0692 +/- 5.3334 L(0.1 - 40) 
