alphaInfSymDSCB =  1.5701 +/- 0.017211 L(0.1 - 10) 
orderInfSymDSCB =  1.9943 +/- 0.033910 L(0.1 - 10) 
alphaSupSymDSCB =  1.8879 +/- 0.062085 L(0.1 - 10) 
orderSupSymDSCB =  6.8788 +/- 1.0619 L(0.1 - 40) 
