sigmaSymDSCB =  0.10086 +/- 0.0026392 L(0.05 - 0.15) 
alphaInfSymDSCB =  1.7834 +/- 0.17391 L(0.1 - 10) 
orderInfSymDSCB =  1.4027 +/- 0.49081 L(0.1 - 10) 
alphaSupSymDSCB =  2.3785 +/- 0.23195 L(0.1 - 10) 
orderSupSymDSCB =  2.0594 +/- 0.84457 L(0.1 - 40) 
