sigmaSymDSCB =  0.087572 +/- 0.00075177 L(0.05 - 0.15) 
alphaInfSymDSCB =  1.3046 +/- 0.026938 L(0.1 - 10) 
orderInfSymDSCB =  2.5482 +/- 0.11280 L(0.1 - 10) 
alphaSupSymDSCB =  1.3834 +/- 0.033044 L(0.1 - 10) 
orderSupSymDSCB =  12.092 +/- 1.7005 L(0.1 - 40) 
