sigmaSymDSCB =  0.082032 +/- 0.018086 L(0.05 - 0.15) 
alphaInfSymDSCB =  1.2647 +/- 0.82968 L(0.1 - 10) 
orderInfSymDSCB =  3.6071 +/- 5.0295 L(0.1 - 10) 
alphaSupSymDSCB =  1.7216 +/- 0.92065 L(0.1 - 10) 
orderSupSymDSCB =  6.5385 +/- 10.458 L(0.1 - 40) 
