sigmaSymDSCB =  0.082681 +/- 0.0033915 L(0.03 - 0.15) 
alphaInfSymDSCB =  1.4671 +/- 0.14278 L(0.1 - 10) 
orderInfSymDSCB =  2.2055 +/- 0.65250 L(0.1 - 10) 
alphaSupSymDSCB =  1.3136 +/- 0.22409 L(0.1 - 10) 
orderSupSymDSCB =  78.193 +/- 481.93 L(0.1 - 1000) 
