sigmaSymDSCB =  0.077427 +/- 0.0017807 L(0.05 - 0.15) 
alphaInfSymDSCB =  1.3813 +/- 0.080721 L(0.1 - 10) 
orderInfSymDSCB =  2.1607 +/- 0.30036 L(0.1 - 10) 
alphaSupSymDSCB =  1.2433 +/- 0.066401 L(0.1 - 10) 
orderSupSymDSCB =  35.550 +/- 27.576 L(0.1 - 40) 
