sigmaSymDSCB =  0.081858 +/- 0.0045486 L(0.05 - 0.15) 
alphaInfSymDSCB =  2.6237 +/- 0.28989 L(0.1 - 10) 
orderInfSymDSCB =  0.32006 +/- 0.36584 L(0.1 - 10) 
alphaSupSymDSCB =  1.3663 +/- 0.33788 L(0.1 - 10) 
orderSupSymDSCB =  7.6314 +/- 8.2497 L(0.1 - 40) 
