alphaInf =  1.2936 +/- 0.034370 L(0.1 - 10) 
orderInf =  2.8168 +/- 0.16765 L(0.1 - 10) 
alphaSup =  1.4508 +/- 0.044363 L(0.1 - 10) 
orderSup =  12.364 +/- 2.1773 L(0.1 - 100) 
