sigmaSymDSCB =  0.092039 +/- 0.0035187 L(0.05 - 0.15) 
alphaInfSymDSCB =  1.7759 +/- 0.26879 L(0.1 - 10) 
orderInfSymDSCB =  1.3064 +/- 0.61917 L(0.1 - 10) 
alphaSupSymDSCB =  2.1134 +/- 0.14096 L(0.1 - 10) 
orderSupSymDSCB =  2.8487 +/- 0.88014 L(0.1 - 40) 
