sigmaSymDSCB =  0.076448 +/- 0.0035225 L(0.05 - 0.15) 
alphaInfSymDSCB =  1.2025 +/- 0.11447 L(0.1 - 10) 
orderInfSymDSCB =  2.9283 +/- 0.53281 L(0.1 - 10) 
alphaSupSymDSCB =  1.1352 +/- 0.11458 L(0.1 - 10) 
orderSupSymDSCB =  40.000 +/- 0.17345 L(0.1 - 40) 
