alphaInfSymDSCB =  1.4325 +/- 0.029865 L(0.1 - 10) 
orderInfSymDSCB =  2.5120 +/- 0.075004 L(0.1 - 10) 
alphaSupSymDSCB =  1.5524 +/- 0.069147 L(0.1 - 10) 
orderSupSymDSCB =  19.210 +/- 8.2671 L(0.1 - 40) 
