alphaInfSymDSCB =  1.4827 +/- 0.018723 L(0.1 - 10) 
orderInfSymDSCB =  2.0373 +/- 0.058798 L(0.1 - 10) 
alphaSupSymDSCB =  1.4696 +/- 0.025581 L(0.1 - 10) 
orderSupSymDSCB =  11.862 +/- 1.2834 L(0.1 - 40) 
