sigmaSymDSCB =  0.087664 +/- 0.0028556 L(0.05 - 0.15) 
alphaInfSymDSCB =  1.4693 +/- 0.18716 L(0.1 - 10) 
orderInfSymDSCB =  2.0596 +/- 0.72579 L(0.1 - 10) 
alphaSupSymDSCB =  1.6508 +/- 0.14105 L(0.1 - 10) 
orderSupSymDSCB =  9.6058 +/- 4.3898 L(0.1 - 40) 
