sigmaSymDSCB =  0.094514 +/- 0.0025227 L(0.05 - 0.15) 
alphaInfSymDSCB =  1.5653 +/- 0.11850 L(0.1 - 10) 
orderInfSymDSCB =  1.9834 +/- 0.42227 L(0.1 - 10) 
alphaSupSymDSCB =  1.6422 +/- 0.10750 L(0.1 - 10) 
orderSupSymDSCB =  40.000 +/- 0.000059475 L(0.1 - 40) 
