sigmaSymDSCB =  0.096047 +/- 0.0045018 L(0.05 - 0.15) 
alphaInfSymDSCB =  1.1466 +/- 0.12532 L(0.1 - 10) 
orderInfSymDSCB =  4.1185 +/- 1.2205 L(0.1 - 10) 
alphaSupSymDSCB =  1.2652 +/- 0.099709 L(0.1 - 10) 
orderSupSymDSCB =  40.000 +/- 0.00058847 L(0.1 - 40) 
