sigmaSymDSCB =  0.082434 +/- 0.0061742 L(0.05 - 0.15) 
alphaInfSymDSCB =  1.3931 +/- 0.18897 L(0.1 - 10) 
orderInfSymDSCB =  2.0585 +/- 0.67835 L(0.1 - 10) 
alphaSupSymDSCB =  1.3502 +/- 0.29678 L(0.1 - 10) 
orderSupSymDSCB =  15.933 +/- 22.129 L(0.1 - 40) 
