alphaInf =  1.6960 +/- 0.061591 L(0.1 - 10) 
orderInf =  1.7493 +/- 0.20804 L(0.1 - 10) 
alphaSup =  1.7452 +/- 0.096182 L(0.1 - 10) 
orderSup =  12.836 +/- 6.1307 L(0.1 - 40) 
