sigmaSymDSCB =  0.094493 +/- 0.0045459 L(0.05 - 0.15) 
alphaInfSymDSCB =  1.3906 +/- 0.19819 L(0.1 - 10) 
orderInfSymDSCB =  2.3923 +/- 0.76467 L(0.1 - 10) 
alphaSupSymDSCB =  1.3835 +/- 0.10512 L(0.1 - 10) 
orderSupSymDSCB =  40.000 +/- 0.024578 L(0.1 - 40) 
