sigmaSymDSCB =  0.085618 +/- 0.0041092 L(0.05 - 0.15) 
alphaInfSymDSCB =  1.5810 +/- 0.15932 L(0.1 - 10) 
orderInfSymDSCB =  1.6919 +/- 0.42886 L(0.1 - 10) 
alphaSupSymDSCB =  1.5405 +/- 0.27458 L(0.1 - 10) 
orderSupSymDSCB =  10.046 +/- 10.024 L(0.1 - 40) 
