alphaInf =  1.6162 +/- 0.042299 L(0.1 - 10) 
orderInf =  2.1448 +/- 0.18275 L(0.1 - 10) 
alphaSup =  1.7644 +/- 0.065256 L(0.1 - 10) 
orderSup =  8.2471 +/- 1.8027 L(0.1 - 40) 
