sigmaSymDSCB =  0.080771 +/- 0.0055527 L(0.03 - 0.15) 
alphaInfSymDSCB =  1.1682 +/- 0.15272 L(0.1 - 10) 
orderInfSymDSCB =  3.7811 +/- 1.1224 L(0.01 - 10) 
alphaSupSymDSCB =  1.4180 +/- 0.31199 L(0.1 - 10) 
orderSupSymDSCB =  8.5862 +/- 7.2739 L(0.1 - 200) 
