sigmaSymDSCB =  0.081584 +/- 0.0032696 L(0.03 - 0.15) 
alphaInfSymDSCB =  1.3167 +/- 0.21279 L(0.1 - 10) 
orderInfSymDSCB =  2.6037 +/- 1.1732 L(0.1 - 10) 
alphaSupSymDSCB =  1.2845 +/- 0.10689 L(0.1 - 10) 
orderSupSymDSCB =  35.580 +/- 38.283 L(0.1 - 200) 
