sigmaSymDSCB =  0.098900 +/- 0.0049063 L(0.03 - 0.15) 
alphaInfSymDSCB =  1.4703 +/- 0.35183 L(0.1 - 10) 
orderInfSymDSCB =  2.5116 +/- 1.9959 L(0.1 - 10) 
alphaSupSymDSCB =  1.6810 +/- 0.25765 L(0.1 - 10) 
orderSupSymDSCB =  13.192 +/- 13.654 L(0.1 - 200) 
