sigmaSymDSCB =  0.077821 +/- 0.0018109 L(0.05 - 0.15) 
alphaInfSymDSCB =  1.4187 +/- 0.091456 L(0.1 - 10) 
orderInfSymDSCB =  2.0675 +/- 0.32110 L(0.1 - 10) 
alphaSupSymDSCB =  1.2969 +/- 0.073821 L(0.1 - 10) 
orderSupSymDSCB =  31.728 +/- 25.487 L(0.1 - 40) 
