sigmaSymDSCB =  0.099692 +/- 0.010821 L(0.05 - 0.15) 
alphaInfSymDSCB =  1.5541 +/- 0.59050 L(0.1 - 10) 
orderInfSymDSCB =  2.0457 +/- 1.7209 L(0.1 - 10) 
alphaSupSymDSCB =  1.6912 +/- 0.41654 L(0.1 - 10) 
orderSupSymDSCB =  14.127 +/- 16.240 L(0.1 - 40) 
