alphaInf =  1.5310 +/- 0.12785 L(0.1 - 10) 
orderInf =  2.0486 +/- 0.53169 L(0.1 - 10) 
alphaSup =  1.9151 +/- 0.12456 L(0.1 - 10) 
orderSup =  6.4510 +/- 2.4615 L(0.1 - 40) 
