sigmaSymDSCB =  0.094545 +/- 0.0066243 L(0.03 - 0.15) 
alphaInfSymDSCB =  1.1642 +/- 0.48475 L(0.1 - 10) 
orderInfSymDSCB =  5.5930 +/- 10.287 L(0.1 - 10) 
alphaSupSymDSCB =  1.5132 +/- 0.32948 L(0.1 - 10) 
orderSupSymDSCB =  20.928 +/- 57.266 L(0.1 - 200) 
