sigmaSymDSCB =  0.077172 +/- 0.0034356 L(0.03 - 0.15) 
alphaInfSymDSCB =  1.0896 +/- 0.17552 L(0.1 - 10) 
orderInfSymDSCB =  4.0863 +/- 2.1068 L(0.1 - 10) 
alphaSupSymDSCB =  1.2317 +/- 0.16570 L(0.1 - 10) 
orderSupSymDSCB =  24.285 +/- 41.743 L(0.1 - 200) 
