alphaInfSymDSCB =  1.3066 +/- 0.034351 L(0.1 - 10) 
orderInfSymDSCB =  2.6223 +/- 0.15496 L(0.1 - 10) 
alphaSupSymDSCB =  1.4702 +/- 0.044135 L(0.1 - 10) 
orderSupSymDSCB =  12.155 +/- 2.0979 L(0.1 - 40) 
