sigmaSymDSCB =  0.095304 +/- 0.0044159 L(0.05 - 0.15) 
alphaInfSymDSCB =  1.8392 +/- 0.33203 L(0.1 - 10) 
orderInfSymDSCB =  1.2503 +/- 0.70067 L(0.1 - 10) 
alphaSupSymDSCB =  1.7928 +/- 0.20255 L(0.1 - 10) 
orderSupSymDSCB =  13.700 +/- 9.7189 L(0.1 - 40) 
