sigmaSymDSCB =  0.084272 +/- 0.0029145 L(0.05 - 0.15) 
alphaInfSymDSCB =  1.5358 +/- 0.16059 L(0.1 - 10) 
orderInfSymDSCB =  2.0104 +/- 0.50414 L(0.1 - 10) 
alphaSupSymDSCB =  1.4587 +/- 0.14174 L(0.1 - 10) 
orderSupSymDSCB =  9.6723 +/- 5.4006 L(0.1 - 40) 
