alphaInf =  1.5785 +/- 0.21717 L(0.1 - 10) 
orderInf =  2.3187 +/- 0.87776 L(0.1 - 10) 
alphaSup =  1.6318 +/- 0.095364 L(0.1 - 10) 
orderSup =  15.723 +/- 6.3225 L(0.1 - 40) 
