sigmaSymDSCB =  0.076162 +/- 0.0022766 L(0.05 - 0.15) 
alphaInfSymDSCB =  1.3381 +/- 0.090024 L(0.1 - 10) 
orderInfSymDSCB =  2.1736 +/- 0.28361 L(0.1 - 10) 
alphaSupSymDSCB =  1.2388 +/- 0.073618 L(0.1 - 10) 
orderSupSymDSCB =  20.649 +/- 9.5787 L(0.1 - 40) 
