sigmaSymDSCB =  0.081248 +/- 0.0078207 L(0.03 - 0.15) 
alphaInfSymDSCB =  0.92152 +/- 0.30038 L(0.1 - 10) 
orderInfSymDSCB =  7.6336 +/- 12.309 L(0.1 - 10) 
alphaSupSymDSCB =  1.0763 +/- 0.13463 L(0.1 - 10) 
orderSupSymDSCB =  137.64 +/- 109.81 L(0.1 - 200) 
