alphaInfSymDSCB =  1.4955 +/- 0.017014 L(0.1 - 10) 
orderInfSymDSCB =  2.1497 +/- 0.036068 L(0.1 - 10) 
alphaSupSymDSCB =  1.7055 +/- 0.049723 L(0.1 - 10) 
orderSupSymDSCB =  9.6600 +/- 1.6057 L(0.1 - 40) 
