sigmaSymDSCB =  0.088487 +/- 0.0073841 L(0.05 - 0.15) 
alphaInfSymDSCB =  1.5305 +/- 0.20160 L(0.1 - 10) 
orderInfSymDSCB =  1.9671 +/- 0.58308 L(0.1 - 10) 
alphaSupSymDSCB =  1.4982 +/- 0.98674 L(0.1 - 10) 
orderSupSymDSCB =  26.712 +/- 261.55 L(0.1 - 40) 
