sigmaSymDSCB =  0.090630 +/- 0.0034117 L(0.03 - 0.15) 
alphaInfSymDSCB =  1.3671 +/- 0.27290 L(0.1 - 10) 
orderInfSymDSCB =  3.0175 +/- 2.0240 L(0.1 - 10) 
alphaSupSymDSCB =  1.6691 +/- 0.16461 L(0.1 - 10) 
orderSupSymDSCB =  6.7559 +/- 3.3904 L(0.1 - 200) 
