alphaInfSymDSCB =  1.4729 +/- 0.016756 L(0.1 - 10) 
orderInfSymDSCB =  2.7567 +/- 0.059386 L(0.1 - 10) 
alphaSupSymDSCB =  1.8780 +/- 0.047618 L(0.1 - 10) 
orderSupSymDSCB =  7.0117 +/- 0.84229 L(0.1 - 40) 
