sigmaSymDSCB =  0.085275 +/- 0.017331 L(0.05 - 0.15) 
alphaInfSymDSCB =  1.1652 +/- 0.53356 L(0.1 - 10) 
orderInfSymDSCB =  3.5130 +/- 2.8795 L(0.1 - 10) 
alphaSupSymDSCB =  1.3948 +/- 0.42313 L(0.1 - 10) 
orderSupSymDSCB =  40.000 +/- 0.0018341 L(0.1 - 40) 
