sigmaSymDSCB =  0.086347 +/- 0.0028955 L(0.05 - 0.15) 
alphaInfSymDSCB =  1.4395 +/- 0.12198 L(0.1 - 10) 
orderInfSymDSCB =  2.1921 +/- 0.45950 L(0.1 - 10) 
alphaSupSymDSCB =  1.4552 +/- 0.12539 L(0.1 - 10) 
orderSupSymDSCB =  40.000 +/- 0.033449 L(0.1 - 40) 
