sigmaSymDSCB =  0.091706 +/- 0.0040603 L(0.05 - 0.15) 
alphaInfSymDSCB =  1.5643 +/- 0.29165 L(0.1 - 10) 
orderInfSymDSCB =  2.5208 +/- 1.9836 L(0.1 - 10) 
alphaSupSymDSCB =  1.5247 +/- 0.14255 L(0.1 - 10) 
orderSupSymDSCB =  40.000 +/- 0.000017416 L(0.1 - 40) 
