sigmaSymDSCB =  0.094222 +/- 0.0027634 L(0.03 - 0.15) 
alphaInfSymDSCB =  1.5444 +/- 0.20680 L(0.1 - 10) 
orderInfSymDSCB =  2.0980 +/- 1.0165 L(0.1 - 10) 
alphaSupSymDSCB =  1.5889 +/- 0.11163 L(0.1 - 10) 
orderSupSymDSCB =  146.59 +/- 27.292 L(0.1 - 200) 
