sigmaSymDSCB =  0.095462 +/- 0.0061727 L(0.03 - 0.15) 
alphaInfSymDSCB =  1.2732 +/- 0.81994 L(0.1 - 10) 
orderInfSymDSCB =  5.6152 +/- 20.425 L(0.01 - 10) 
alphaSupSymDSCB =  1.4747 +/- 0.19651 L(0.1 - 10) 
orderSupSymDSCB =  148.67 +/- 286.56 L(0.1 - 200) 
