sigmaSymDSCB =  0.094737 +/- 0.0038380 L(0.03 - 0.15) 
alphaInfSymDSCB =  1.7013 +/- 0.27199 L(0.1 - 10) 
orderInfSymDSCB =  2.1875 +/- 1.6917 L(0.1 - 10) 
alphaSupSymDSCB =  1.8831 +/- 0.25068 L(0.1 - 10) 
orderSupSymDSCB =  6.2886 +/- 3.8046 L(0.1 - 200) 
