sigmaSymDSCB =  0.099133 +/- 0.0048368 L(0.05 - 0.15) 
alphaInfSymDSCB =  1.9798 +/- 0.21906 L(0.1 - 10) 
orderInfSymDSCB =  1.2857 +/- 0.61746 L(0.1 - 10) 
alphaSupSymDSCB =  1.4669 +/- 0.20230 L(0.1 - 10) 
orderSupSymDSCB =  40.000 +/- 0.0040389 L(0.1 - 40) 
