sigmaSymDSCB =  0.079623 +/- 0.0058517 L(0.05 - 0.15) 
alphaInfSymDSCB =  0.98171 +/- 0.27403 L(0.1 - 10) 
orderInfSymDSCB =  5.3310 +/- 5.0637 L(0.1 - 10) 
alphaSupSymDSCB =  1.8344 +/- 0.29524 L(0.1 - 10) 
orderSupSymDSCB =  4.8956 +/- 2.9508 L(0.1 - 40) 
