sigmaSymDSCB =  0.081495 +/- 0.0026281 L(0.05 - 0.15) 
alphaInfSymDSCB =  1.3850 +/- 0.12512 L(0.1 - 10) 
orderInfSymDSCB =  2.3339 +/- 0.50737 L(0.1 - 10) 
alphaSupSymDSCB =  1.3974 +/- 0.13416 L(0.1 - 10) 
orderSupSymDSCB =  23.414 +/- 22.617 L(0.1 - 40) 
