sigmaSymDSCB =  0.097901 +/- 0.0042298 L(0.05 - 0.15) 
alphaInfSymDSCB =  1.3332 +/- 0.25126 L(0.1 - 10) 
orderInfSymDSCB =  5.2413 +/- 4.7397 L(0.1 - 10) 
alphaSupSymDSCB =  1.3982 +/- 0.15026 L(0.1 - 10) 
orderSupSymDSCB =  40.000 +/- 0.093627 L(0.1 - 40) 
