sigmaSymDSCB =  0.086725 +/- 0.0085008 L(0.05 - 0.15) 
alphaInfSymDSCB =  1.3303 +/- 0.45069 L(0.1 - 10) 
orderInfSymDSCB =  2.8215 +/- 2.3563 L(0.1 - 10) 
alphaSupSymDSCB =  1.4643 +/- 0.23247 L(0.1 - 10) 
orderSupSymDSCB =  40.000 +/- 0.000084064 L(0.1 - 40) 
