sigmaSymDSCB =  0.076799 +/- 0.013946 L(0.05 - 0.15) 
alphaInfSymDSCB =  1.2928 +/- 0.53620 L(0.1 - 10) 
orderInfSymDSCB =  2.3887 +/- 1.6156 L(0.1 - 10) 
alphaSupSymDSCB =  1.3807 +/- 0.33019 L(0.1 - 10) 
orderSupSymDSCB =  40.000 +/- 0.00010726 L(0.1 - 40) 
