sigmaSymDSCB =  0.086481 +/- 0.0038725 L(0.05 - 0.15) 
alphaInfSymDSCB =  1.6781 +/- 0.17831 L(0.1 - 10) 
orderInfSymDSCB =  1.3486 +/- 0.38966 L(0.1 - 10) 
alphaSupSymDSCB =  1.4271 +/- 0.13022 L(0.1 - 10) 
orderSupSymDSCB =  40.000 +/- 0.000014843 L(0.1 - 40) 
