alphaInfSymDSCB =  1.4931 +/- 0.027284 L(0.1 - 10) 
orderInfSymDSCB =  2.3629 +/- 0.064659 L(0.1 - 10) 
alphaSupSymDSCB =  1.6751 +/- 0.083190 L(0.1 - 10) 
orderSupSymDSCB =  15.496 +/- 5.7771 L(0.1 - 40) 
