sigmaSymDSCB =  0.081938 +/- 0.0028053 L(0.05 - 0.15) 
alphaInfSymDSCB =  1.4284 +/- 0.11361 L(0.1 - 10) 
orderInfSymDSCB =  2.0079 +/- 0.35658 L(0.1 - 10) 
alphaSupSymDSCB =  1.3248 +/- 0.11338 L(0.1 - 10) 
orderSupSymDSCB =  17.992 +/- 11.842 L(0.1 - 40) 
