sigmaSymDSCB =  0.099494 +/- 0.0044689 L(0.05 - 0.15) 
alphaInfSymDSCB =  1.4626 +/- 0.20192 L(0.1 - 10) 
orderInfSymDSCB =  2.3308 +/- 0.89072 L(0.1 - 10) 
alphaSupSymDSCB =  1.4603 +/- 0.22729 L(0.1 - 10) 
orderSupSymDSCB =  20.576 +/- 31.839 L(0.1 - 40) 
