sigmaSymDSCB =  0.087171 +/- 0.0039786 L(0.05 - 0.15) 
alphaInfSymDSCB =  2.6545 +/- 0.32927 L(0.1 - 10) 
orderInfSymDSCB =  0.17341 +/- 0.33678 L(0.1 - 10) 
alphaSupSymDSCB =  1.9199 +/- 0.32442 L(0.1 - 10) 
orderSupSymDSCB =  40.000 +/- 0.0046212 L(0.1 - 40) 
