sigmaSymDSCB =  0.075440 +/- 0.0036859 L(0.03 - 0.15) 
alphaInfSymDSCB =  1.2173 +/- 0.15976 L(0.1 - 10) 
orderInfSymDSCB =  3.0161 +/- 1.1363 L(0.1 - 10) 
alphaSupSymDSCB =  1.2573 +/- 0.18112 L(0.1 - 10) 
orderSupSymDSCB =  40.715 +/- 77.071 L(0.1 - 200) 
