sigmaSymDSCB =  0.088250 +/- 0.0040981 L(0.05 - 0.15) 
alphaInfSymDSCB =  1.6380 +/- 0.20880 L(0.1 - 10) 
orderInfSymDSCB =  1.6502 +/- 0.62748 L(0.1 - 10) 
alphaSupSymDSCB =  1.2799 +/- 0.11825 L(0.1 - 10) 
orderSupSymDSCB =  40.000 +/- 0.00066484 L(0.1 - 40) 
