sigmaSymDSCB =  0.086837 +/- 0.019089 L(0.03 - 0.15) 
alphaInfSymDSCB =  1.1967 +/- 0.50226 L(0.1 - 10) 
orderInfSymDSCB =  3.8232 +/- 3.9656 L(0.1 - 10) 
alphaSupSymDSCB =  1.2669 +/- 0.80049 L(0.1 - 10) 
orderSupSymDSCB =  40.642 +/- 293.96 L(0.1 - 200) 
