sigmaSymDSCB =  0.10058 +/- 0.0033833 L(0.05 - 0.15) 
alphaInfSymDSCB =  1.7151 +/- 0.19265 L(0.1 - 10) 
orderInfSymDSCB =  1.7154 +/- 0.62841 L(0.1 - 10) 
alphaSupSymDSCB =  1.4809 +/- 0.18680 L(0.1 - 10) 
orderSupSymDSCB =  35.737 +/- 58.335 L(0.1 - 40) 
