sigmaSymDSCB =  0.088327 +/- 0.0034204 L(0.03 - 0.15) 
alphaInfSymDSCB =  1.1343 +/- 0.10322 L(0.1 - 10) 
orderInfSymDSCB =  3.9123 +/- 1.0808 L(0.1 - 10) 
alphaSupSymDSCB =  1.2261 +/- 0.14018 L(0.1 - 10) 
orderSupSymDSCB =  46.306 +/- 102.78 L(0.1 - 1000) 
