alphaInfSymDSCB =  1.4125 +/- 0.018911 L(0.1 - 10) 
orderInfSymDSCB =  2.2152 +/- 0.065303 L(0.1 - 10) 
alphaSupSymDSCB =  1.3866 +/- 0.022789 L(0.1 - 10) 
orderSupSymDSCB =  10.853 +/- 0.96663 L(0.1 - 40) 
