sigmaSymDSCB =  0.081907 +/- 0.016691 L(0.05 - 0.15) 
alphaInfSymDSCB =  1.2629 +/- 0.54037 L(0.1 - 10) 
orderInfSymDSCB =  2.8197 +/- 1.9962 L(0.1 - 10) 
alphaSupSymDSCB =  1.3598 +/- 0.58613 L(0.1 - 10) 
orderSupSymDSCB =  25.061 +/- 71.100 L(0.1 - 40) 
