sigmaSymDSCB =  0.097562 +/- 0.0051274 L(0.05 - 0.15) 
alphaInfSymDSCB =  1.4265 +/- 0.25824 L(0.1 - 10) 
orderInfSymDSCB =  2.1426 +/- 0.87396 L(0.1 - 10) 
alphaSupSymDSCB =  1.5841 +/- 0.18525 L(0.1 - 10) 
orderSupSymDSCB =  5.6577 +/- 2.7211 L(0.1 - 40) 
