sigmaSymDSCB =  0.085944 +/- 0.0039625 L(0.05 - 0.15) 
alphaInfSymDSCB =  1.8109 +/- 0.22028 L(0.1 - 10) 
orderInfSymDSCB =  2.0013 +/- 0.80037 L(0.1 - 10) 
alphaSupSymDSCB =  2.2115 +/- 0.28311 L(0.1 - 10) 
orderSupSymDSCB =  9.3127 +/- 5.8878 L(0.1 - 40) 
