sigmaSymDSCB =  0.081406 +/- 0.011237 L(0.03 - 0.15) 
alphaInfSymDSCB =  1.2721 +/- 0.38073 L(0.1 - 10) 
orderInfSymDSCB =  2.3898 +/- 2.2280 L(0.1 - 10) 
alphaSupSymDSCB =  1.6845 +/- 4.7741 L(0.1 - 10) 
orderSupSymDSCB =  18.552 +/- 721.67 L(0.1 - 200) 
