sigmaSymDSCB =  0.091827 +/- 0.0045455 L(0.05 - 0.15) 
alphaInfSymDSCB =  1.2314 +/- 0.17801 L(0.1 - 10) 
orderInfSymDSCB =  3.1701 +/- 1.1096 L(0.1 - 10) 
alphaSupSymDSCB =  1.4027 +/- 0.10914 L(0.1 - 10) 
orderSupSymDSCB =  40.000 +/- 0.0000086161 L(0.1 - 40) 
