alphaInfSymDSCB =  1.3177 +/- 0.017039 L(0.1 - 10) 
orderInfSymDSCB =  2.5894 +/- 0.072883 L(0.1 - 10) 
alphaSupSymDSCB =  1.3466 +/- 0.021496 L(0.1 - 10) 
orderSupSymDSCB =  18.203 +/- 2.4889 L(0.1 - 40) 
