sigmaSymDSCB =  0.10259 +/- 0.011782 L(0.05 - 0.15) 
alphaInfSymDSCB =  1.4023 +/- 0.34983 L(0.1 - 10) 
orderInfSymDSCB =  2.7809 +/- 1.4897 L(0.1 - 10) 
alphaSupSymDSCB =  1.6512 +/- 0.67541 L(0.1 - 10) 
orderSupSymDSCB =  40.000 +/- 0.0010780 L(0.1 - 40) 
