sigmaSymDSCB =  0.076012 +/- 0.0080189 L(0.05 - 0.15) 
alphaInfSymDSCB =  1.3468 +/- 0.40170 L(0.1 - 10) 
orderInfSymDSCB =  2.0011 +/- 1.2279 L(0.1 - 10) 
alphaSupSymDSCB =  1.4512 +/- 0.21997 L(0.1 - 10) 
orderSupSymDSCB =  5.4527 +/- 2.1887 L(0.1 - 40) 
