sigmaSymDSCB =  0.094991 +/- 0.0031230 L(0.05 - 0.15) 
alphaInfSymDSCB =  1.2471 +/- 0.15874 L(0.1 - 10) 
orderInfSymDSCB =  3.4731 +/- 1.4293 L(0.1 - 10) 
alphaSupSymDSCB =  1.5120 +/- 0.15311 L(0.1 - 10) 
orderSupSymDSCB =  10.877 +/- 6.4738 L(0.1 - 40) 
