sigmaSymDSCB =  0.091574 +/- 0.0035659 L(0.05 - 0.15) 
alphaInfSymDSCB =  1.4150 +/- 0.15405 L(0.1 - 10) 
orderInfSymDSCB =  1.9218 +/- 0.50296 L(0.1 - 10) 
alphaSupSymDSCB =  1.7588 +/- 0.20800 L(0.1 - 10) 
orderSupSymDSCB =  8.2201 +/- 6.7014 L(0.1 - 40) 
