sigmaSymDSCB =  0.090080 +/- 0.0052493 L(0.03 - 0.15) 
alphaInfSymDSCB =  1.1889 +/- 0.19275 L(0.1 - 10) 
orderInfSymDSCB =  4.6727 +/- 1.9963 L(0.01 - 10) 
alphaSupSymDSCB =  1.2684 +/- 0.11149 L(0.1 - 10) 
orderSupSymDSCB =  141.16 +/- 100.53 L(0.1 - 200) 
