sigmaSymDSCB =  0.091670 +/- 0.0082019 L(0.05 - 0.15) 
alphaInfSymDSCB =  1.2785 +/- 0.29072 L(0.1 - 10) 
orderInfSymDSCB =  2.7979 +/- 1.2334 L(0.1 - 10) 
alphaSupSymDSCB =  1.2010 +/- 0.13703 L(0.1 - 10) 
orderSupSymDSCB =  40.000 +/- 0.00027019 L(0.1 - 40) 
