sigmaSymDSCB =  0.085661 +/- 0.0063900 L(0.03 - 0.15) 
alphaInfSymDSCB =  1.4715 +/- 0.35731 L(0.1 - 10) 
orderInfSymDSCB =  1.7502 +/- 1.4394 L(0.1 - 10) 
alphaSupSymDSCB =  1.4076 +/- 0.27767 L(0.1 - 10) 
orderSupSymDSCB =  4.9292 +/- 3.8105 L(0.1 - 100) 
