sigmaSymDSCB =  0.092695 +/- 0.0068399 L(0.03 - 0.15) 
alphaInfSymDSCB =  1.4222 +/- 0.29029 L(0.1 - 10) 
orderInfSymDSCB =  2.8211 +/- 1.8417 L(0.1 - 10) 
alphaSupSymDSCB =  1.7478 +/- 0.82280 L(0.1 - 10) 
orderSupSymDSCB =  17.328 +/- 64.790 L(0.1 - 200) 
