alphaInf =  1.6905 +/- 0.022688 L(0.1 - 10) 
orderInf =  1.6090 +/- 0.054506 L(0.1 - 10) 
alphaSup =  1.7465 +/- 0.040410 L(0.1 - 10) 
orderSup =  9.6249 +/- 1.2964 L(0.1 - 40) 
