sigmaSymDSCB =  0.083659 +/- 0.0021978 L(0.03 - 0.15) 
alphaInfSymDSCB =  1.3372 +/- 0.093249 L(0.1 - 10) 
orderInfSymDSCB =  3.2199 +/- 0.68544 L(0.01 - 10) 
alphaSupSymDSCB =  1.6191 +/- 0.15422 L(0.1 - 10) 
orderSupSymDSCB =  14.611 +/- 12.131 L(0.1 - 200) 
