sigmaSymDSCB =  0.062617 +/- 0.0079063 L(0.05 - 0.15) 
alphaInfSymDSCB =  1.0011 +/- 0.27059 L(0.1 - 10) 
orderInfSymDSCB =  3.5851 +/- 2.3336 L(0.1 - 10) 
alphaSupSymDSCB =  1.0204 +/- 0.15988 L(0.1 - 10) 
orderSupSymDSCB =  40.000 +/- 0.000053362 L(0.1 - 40) 
