sigmaSymDSCB =  0.088895 +/- 0.0042432 L(0.03 - 0.15) 
alphaInfSymDSCB =  1.5023 +/- 0.34430 L(0.1 - 10) 
orderInfSymDSCB =  2.0443 +/- 1.4084 L(0.1 - 10) 
alphaSupSymDSCB =  1.6364 +/- 0.22429 L(0.1 - 10) 
orderSupSymDSCB =  18.160 +/- 17.685 L(0.1 - 200) 
