sigmaSymDSCB =  0.10123 +/- 0.0047959 L(0.03 - 0.15) 
alphaInfSymDSCB =  1.4103 +/- 0.36017 L(0.1 - 10) 
orderInfSymDSCB =  2.6472 +/- 2.2215 L(0.1 - 10) 
alphaSupSymDSCB =  1.5884 +/- 0.28865 L(0.1 - 10) 
orderSupSymDSCB =  25.773 +/- 80.872 L(0.1 - 200) 
