alphaInfSymDSCB =  1.5030 +/- 0.036795 L(0.1 - 10) 
orderInfSymDSCB =  2.4168 +/- 0.10410 L(0.1 - 10) 
alphaSupSymDSCB =  1.8299 +/- 0.082589 L(0.1 - 10) 
orderSupSymDSCB =  10.046 +/- 2.6870 L(0.1 - 40) 
