sigmaSymDSCB =  0.076370 +/- 0.011454 L(0.05 - 0.15) 
alphaInfSymDSCB =  1.2321 +/- 0.45650 L(0.1 - 10) 
orderInfSymDSCB =  2.2870 +/- 1.4511 L(0.1 - 10) 
alphaSupSymDSCB =  1.4141 +/- 0.30775 L(0.1 - 10) 
orderSupSymDSCB =  14.095 +/- 14.013 L(0.1 - 40) 
