alphaInf =  1.6237 +/- 0.068976 L(0.1 - 10) 
orderInf =  2.1109 +/- 0.25459 L(0.1 - 10) 
alphaSup =  1.5997 +/- 0.12891 L(0.1 - 10) 
orderSup =  15.933 +/- 10.787 L(0.1 - 40) 
