alphaInf =  1.3334 +/- 0.025270 L(0.1 - 10) 
orderInf =  2.6495 +/- 0.11012 L(0.1 - 10) 
alphaSup =  1.3115 +/- 0.031046 L(0.1 - 10) 
orderSup =  14.064 +/- 2.3893 L(0.1 - 100) 
