sigmaSymDSCB =  0.092590 +/- 0.0017001 L(0.03 - 0.15) 
alphaInfSymDSCB =  1.5591 +/- 0.21963 L(0.1 - 10) 
orderInfSymDSCB =  2.0816 +/- 1.2369 L(0.1 - 10) 
alphaSupSymDSCB =  1.4759 +/- 0.12433 L(0.1 - 10) 
orderSupSymDSCB =  36.078 +/- 81.695 L(0.1 - 200) 
