sigmaSymDSCB =  0.088188 +/- 0.0096670 L(0.05 - 0.15) 
alphaInfSymDSCB =  1.1291 +/- 0.31139 L(0.1 - 10) 
orderInfSymDSCB =  3.8871 +/- 2.4088 L(0.1 - 10) 
alphaSupSymDSCB =  1.2331 +/- 0.17911 L(0.1 - 10) 
orderSupSymDSCB =  40.000 +/- 0.032146 L(0.1 - 40) 
