alphaInf =  1.5985 +/- 0.054608 L(0.1 - 10) 
orderInf =  2.0701 +/- 0.22573 L(0.1 - 10) 
alphaSup =  1.6807 +/- 0.088313 L(0.1 - 10) 
orderSup =  10.188 +/- 3.5241 L(0.1 - 40) 
