sigmaSymDSCB =  0.073762 +/- 0.0083656 L(0.05 - 0.15) 
alphaInfSymDSCB =  1.1474 +/- 0.24919 L(0.1 - 10) 
orderInfSymDSCB =  2.3827 +/- 1.1275 L(0.1 - 10) 
alphaSupSymDSCB =  1.1255 +/- 0.31374 L(0.1 - 10) 
orderSupSymDSCB =  40.000 +/- 0.88011 L(0.1 - 40) 
