sigmaSymDSCB =  0.083086 +/- 0.00070761 L(0.03 - 0.15) 
alphaInfSymDSCB =  1.3869 +/- 0.028294 L(0.1 - 10) 
orderInfSymDSCB =  2.3128 +/- 0.10340 L(0.1 - 10) 
alphaSupSymDSCB =  1.3793 +/- 0.036712 L(0.1 - 10) 
orderSupSymDSCB =  12.955 +/- 2.2748 L(0.1 - 40) 
