sigmaSymDSCB =  0.083509 +/- 0.0019222 L(0.05 - 0.15) 
alphaInfSymDSCB =  1.5104 +/- 0.084716 L(0.1 - 10) 
orderInfSymDSCB =  1.7109 +/- 0.22785 L(0.1 - 10) 
alphaSupSymDSCB =  1.3336 +/- 0.080672 L(0.1 - 10) 
orderSupSymDSCB =  29.204 +/- 21.914 L(0.1 - 40) 
