sigmaSymDSCB =  0.079060 +/- 0.0027558 L(0.05 - 0.15) 
alphaInfSymDSCB =  1.3400 +/- 0.11764 L(0.1 - 10) 
orderInfSymDSCB =  2.3493 +/- 0.44261 L(0.1 - 10) 
alphaSupSymDSCB =  1.2091 +/- 0.062463 L(0.1 - 10) 
orderSupSymDSCB =  40.000 +/- 0.000037518 L(0.1 - 40) 
