sigmaSymDSCB =  0.093740 +/- 0.0025018 L(0.05 - 0.15) 
alphaInfSymDSCB =  1.5353 +/- 0.10540 L(0.1 - 10) 
orderInfSymDSCB =  2.1267 +/- 0.41278 L(0.1 - 10) 
alphaSupSymDSCB =  1.8725 +/- 0.28304 L(0.1 - 10) 
orderSupSymDSCB =  9.7464 +/- 8.2437 L(0.1 - 40) 
