sigmaSymDSCB =  0.090999 +/- 0.0024602 L(0.03 - 0.15) 
alphaInfSymDSCB =  1.1863 +/- 0.11880 L(0.1 - 10) 
orderInfSymDSCB =  4.4876 +/- 1.6804 L(0.1 - 10) 
alphaSupSymDSCB =  1.4142 +/- 0.10229 L(0.1 - 10) 
orderSupSymDSCB =  11.968 +/- 5.4174 L(0.1 - 1000) 
