sigmaSymDSCB =  0.093953 +/- 0.0059562 L(0.05 - 0.15) 
alphaInfSymDSCB =  1.5454 +/- 0.28569 L(0.1 - 10) 
orderInfSymDSCB =  2.3776 +/- 1.4309 L(0.1 - 10) 
alphaSupSymDSCB =  1.6972 +/- 0.25800 L(0.1 - 10) 
orderSupSymDSCB =  40.000 +/- 0.0032500 L(0.1 - 40) 
