sigmaSymDSCB =  0.096885 +/- 0.012836 L(0.05 - 0.15) 
alphaInfSymDSCB =  1.6387 +/- 0.44702 L(0.1 - 10) 
orderInfSymDSCB =  1.5273 +/- 1.0655 L(0.1 - 10) 
alphaSupSymDSCB =  2.0480 +/- 1.4443 L(0.1 - 10) 
orderSupSymDSCB =  3.6818 +/- 8.1422 L(0.1 - 40) 
