sigmaSymDSCB =  0.083551 +/- 0.0021141 L(0.03 - 0.15) 
alphaInfSymDSCB =  1.4292 +/- 0.090757 L(0.1 - 10) 
orderInfSymDSCB =  2.5900 +/- 0.44192 L(0.01 - 10) 
alphaSupSymDSCB =  1.4739 +/- 0.11451 L(0.1 - 10) 
orderSupSymDSCB =  8.2724 +/- 3.1219 L(0.1 - 200) 
