alphaInfSymDSCB =  1.3441 +/- 0.062274 L(0.1 - 10) 
orderInfSymDSCB =  2.8714 +/- 0.22366 L(0.1 - 10) 
alphaSupSymDSCB =  1.8381 +/- 0.14038 L(0.1 - 10) 
orderSupSymDSCB =  8.1347 +/- 3.1864 L(0.1 - 40) 
