sigmaSymDSCB =  0.082376 +/- 0.0023491 L(0.05 - 0.15) 
alphaInfSymDSCB =  1.4333 +/- 0.092362 L(0.1 - 10) 
orderInfSymDSCB =  2.1194 +/- 0.30654 L(0.1 - 10) 
alphaSupSymDSCB =  1.3771 +/- 0.073254 L(0.1 - 10) 
orderSupSymDSCB =  40.000 +/- 0.0011807 L(0.1 - 40) 
