sigmaSymDSCB =  0.090311 +/- 0.0057543 L(0.03 - 0.15) 
alphaInfSymDSCB =  1.9671 +/- 0.45638 L(0.1 - 5) 
orderInfSymDSCB =  1.0447 +/- 0.92711 L(0.01 - 100) 
alphaSupSymDSCB =  1.9310 +/- 0.31522 L(0.1 - 5) 
orderSupSymDSCB =  12.252 +/- 10.766 L(0.1 - 200) 
