sigmaSymDSCB =  0.090303 +/- 0.0051084 L(0.05 - 0.15) 
alphaInfSymDSCB =  1.2354 +/- 0.19204 L(0.1 - 10) 
orderInfSymDSCB =  3.3689 +/- 1.2865 L(0.1 - 10) 
alphaSupSymDSCB =  1.4216 +/- 0.19246 L(0.1 - 10) 
orderSupSymDSCB =  25.170 +/- 37.401 L(0.1 - 40) 
