sigmaSymDSCB =  0.086275 +/- 0.0037155 L(0.03 - 0.15) 
alphaInfSymDSCB =  1.6672 +/- 0.29368 L(0.1 - 10) 
orderInfSymDSCB =  1.3631 +/- 0.88606 L(0.1 - 10) 
alphaSupSymDSCB =  1.3864 +/- 0.11774 L(0.1 - 10) 
orderSupSymDSCB =  145.66 +/- 21.910 L(0.1 - 200) 
