sigmaSymDSCB =  0.10024 +/- 0.0026544 L(0.05 - 0.15) 
alphaInfSymDSCB =  1.4767 +/- 0.14103 L(0.1 - 10) 
orderInfSymDSCB =  2.3357 +/- 0.62203 L(0.1 - 10) 
alphaSupSymDSCB =  1.9651 +/- 0.20995 L(0.1 - 10) 
orderSupSymDSCB =  5.9597 +/- 3.0522 L(0.1 - 40) 
