sigmaSymDSCB =  0.081601 +/- 0.0043422 L(0.05 - 0.15) 
alphaInfSymDSCB =  1.2833 +/- 0.15433 L(0.1 - 10) 
orderInfSymDSCB =  2.9231 +/- 0.74498 L(0.1 - 10) 
alphaSupSymDSCB =  1.3002 +/- 0.16233 L(0.1 - 10) 
orderSupSymDSCB =  15.823 +/- 10.429 L(0.1 - 40) 
