sigmaSymDSCB =  0.073361 +/- 0.0028180 L(0.05 - 0.15) 
alphaInfSymDSCB =  1.3300 +/- 0.096253 L(0.1 - 10) 
orderInfSymDSCB =  2.5710 +/- 0.37463 L(0.1 - 10) 
alphaSupSymDSCB =  1.1747 +/- 0.074216 L(0.1 - 10) 
orderSupSymDSCB =  40.000 +/- 0.00061332 L(0.1 - 40) 
