sigmaSymDSCB =  0.090024 +/- 0.0052662 L(0.05 - 0.15) 
alphaInfSymDSCB =  1.7156 +/- 0.32419 L(0.1 - 10) 
orderInfSymDSCB =  1.4599 +/- 0.72197 L(0.1 - 10) 
alphaSupSymDSCB =  1.5388 +/- 0.17543 L(0.1 - 10) 
orderSupSymDSCB =  39.999 +/- 0.013537 L(0.1 - 40) 
