sigmaSymDSCB =  0.090299 +/- 0.0023765 L(0.05 - 0.15) 
alphaInfSymDSCB =  1.6051 +/- 0.13138 L(0.1 - 10) 
orderInfSymDSCB =  1.7235 +/- 0.42183 L(0.1 - 10) 
alphaSupSymDSCB =  1.6406 +/- 0.13353 L(0.1 - 10) 
orderSupSymDSCB =  8.7047 +/- 3.4717 L(0.1 - 40) 
