sigmaSymDSCB =  0.092229 +/- 0.0023376 L(0.05 - 0.15) 
alphaInfSymDSCB =  1.4710 +/- 0.13641 L(0.1 - 10) 
orderInfSymDSCB =  2.2371 +/- 0.62030 L(0.1 - 10) 
alphaSupSymDSCB =  1.6916 +/- 0.10236 L(0.1 - 10) 
orderSupSymDSCB =  40.000 +/- 0.00019542 L(0.1 - 40) 
