sigmaSymDSCB =  0.081884 +/- 0.0019300 L(0.05 - 0.15) 
alphaInfSymDSCB =  1.4355 +/- 0.088195 L(0.1 - 10) 
orderInfSymDSCB =  2.0487 +/- 0.28988 L(0.1 - 10) 
alphaSupSymDSCB =  1.4293 +/- 0.099347 L(0.1 - 10) 
orderSupSymDSCB =  30.272 +/- 24.013 L(0.1 - 40) 
