alphaInf =  1.3697 +/- 0.025307 L(0.1 - 10) 
orderInf =  2.4273 +/- 0.098174 L(0.1 - 10) 
alphaSup =  1.3342 +/- 0.029189 L(0.1 - 10) 
orderSup =  16.945 +/- 3.2802 L(0.1 - 100) 
