sigmaSymDSCB =  0.090107 +/- 0.0060532 L(0.05 - 0.15) 
alphaInfSymDSCB =  1.1968 +/- 0.25560 L(0.1 - 10) 
orderInfSymDSCB =  2.7771 +/- 1.5342 L(0.1 - 10) 
alphaSupSymDSCB =  1.5362 +/- 0.20588 L(0.1 - 10) 
orderSupSymDSCB =  40.000 +/- 0.00019111 L(0.1 - 40) 
