sigmaSymDSCB =  0.080555 +/- 0.0025964 L(0.05 - 0.15) 
alphaInfSymDSCB =  1.4175 +/- 0.12689 L(0.1 - 10) 
orderInfSymDSCB =  2.1348 +/- 0.43975 L(0.1 - 10) 
alphaSupSymDSCB =  1.4187 +/- 0.11070 L(0.1 - 10) 
orderSupSymDSCB =  13.121 +/- 7.2293 L(0.1 - 40) 
