sigmaSymDSCB =  0.10062 +/- 0.0029928 L(0.03 - 0.15) 
alphaInfSymDSCB =  1.5188 +/- 0.32371 L(0.1 - 10) 
orderInfSymDSCB =  2.5189 +/- 2.0134 L(0.1 - 10) 
alphaSupSymDSCB =  1.8679 +/- 0.17962 L(0.1 - 10) 
orderSupSymDSCB =  7.6896 +/- 4.3949 L(0.1 - 200) 
