alphaInf =  1.6376 +/- 0.043455 L(0.1 - 10) 
orderInf =  2.1767 +/- 0.19941 L(0.1 - 10) 
alphaSup =  1.8126 +/- 0.084041 L(0.1 - 10) 
orderSup =  7.8498 +/- 2.1530 L(0.1 - 40) 
