sigmaSymDSCB =  0.091565 +/- 0.0045854 L(0.05 - 0.15) 
alphaInfSymDSCB =  1.2246 +/- 0.21685 L(0.1 - 10) 
orderInfSymDSCB =  2.6844 +/- 1.2069 L(0.1 - 10) 
alphaSupSymDSCB =  1.6144 +/- 0.14904 L(0.1 - 10) 
orderSupSymDSCB =  40.000 +/- 0.00061740 L(0.1 - 40) 
