sigmaSymDSCB =  0.080460 +/- 0.0014786 L(0.03 - 0.15) 
alphaInfSymDSCB =  1.2621 +/- 0.063392 L(0.1 - 10) 
orderInfSymDSCB =  2.7161 +/- 0.35240 L(0.1 - 10) 
alphaSupSymDSCB =  1.3358 +/- 0.062145 L(0.1 - 10) 
orderSupSymDSCB =  11.396 +/- 2.9530 L(0.1 - 1000) 
