sigmaSymDSCB =  0.083223 +/- 0.0048742 L(0.05 - 0.15) 
alphaInfSymDSCB =  1.4377 +/- 0.14449 L(0.1 - 10) 
orderInfSymDSCB =  1.8172 +/- 0.41298 L(0.1 - 10) 
alphaSupSymDSCB =  1.1931 +/- 0.22144 L(0.1 - 10) 
orderSupSymDSCB =  13.032 +/- 14.966 L(0.1 - 40) 
