sigmaSymDSCB =  0.083278 +/- 0.0028789 L(0.05 - 0.15) 
alphaInfSymDSCB =  1.4864 +/- 0.15340 L(0.1 - 10) 
orderInfSymDSCB =  1.7876 +/- 0.40862 L(0.1 - 10) 
alphaSupSymDSCB =  1.3649 +/- 0.096984 L(0.1 - 10) 
orderSupSymDSCB =  26.135 +/- 21.781 L(0.1 - 40) 
