sigmaSymDSCB =  0.083392 +/- 0.0051478 L(0.05 - 0.15) 
alphaInfSymDSCB =  1.2481 +/- 0.16830 L(0.1 - 10) 
orderInfSymDSCB =  2.2473 +/- 0.90268 L(0.1 - 10) 
alphaSupSymDSCB =  1.2514 +/- 0.13597 L(0.1 - 10) 
orderSupSymDSCB =  40.000 +/- 0.00011811 L(0.1 - 40) 
