sigmaSymDSCB =  0.083551 +/- 0.0028078 L(0.03 - 0.15) 
alphaInfSymDSCB =  1.6154 +/- 0.13237 L(0.1 - 10) 
orderInfSymDSCB =  1.8573 +/- 0.42963 L(0.01 - 10) 
alphaSupSymDSCB =  1.4158 +/- 0.17301 L(0.1 - 10) 
orderSupSymDSCB =  75.842 +/- 309.10 L(0.1 - 200) 
