sigmaSymDSCB =  0.084152 +/- 0.0036589 L(0.05 - 0.15) 
alphaInfSymDSCB =  1.5686 +/- 0.17698 L(0.1 - 10) 
orderInfSymDSCB =  1.8111 +/- 0.53197 L(0.1 - 10) 
alphaSupSymDSCB =  1.6522 +/- 0.26508 L(0.1 - 10) 
orderSupSymDSCB =  9.3388 +/- 7.0659 L(0.1 - 40) 
