sigmaSymDSCB =  0.086999 +/- 0.0056788 L(0.05 - 0.15) 
alphaInfSymDSCB =  1.5050 +/- 0.46534 L(0.1 - 10) 
orderInfSymDSCB =  2.2643 +/- 1.7331 L(0.1 - 10) 
alphaSupSymDSCB =  1.8337 +/- 0.18554 L(0.1 - 10) 
orderSupSymDSCB =  10.191 +/- 7.7227 L(0.1 - 40) 
