sigmaSymDSCB =  0.085711 +/- 0.0049870 L(0.05 - 0.15) 
alphaInfSymDSCB =  1.2118 +/- 0.22310 L(0.1 - 10) 
orderInfSymDSCB =  2.8876 +/- 1.4154 L(0.1 - 10) 
alphaSupSymDSCB =  1.4234 +/- 0.13921 L(0.1 - 10) 
orderSupSymDSCB =  40.000 +/- 0.000057739 L(0.1 - 40) 
