sigmaSymDSCB =  0.10109 +/- 0.0067824 L(0.05 - 0.15) 
alphaInfSymDSCB =  1.2840 +/- 0.26399 L(0.1 - 10) 
orderInfSymDSCB =  4.1883 +/- 2.3803 L(0.1 - 10) 
alphaSupSymDSCB =  1.3365 +/- 0.13400 L(0.1 - 10) 
orderSupSymDSCB =  40.000 +/- 0.00021758 L(0.1 - 40) 
