sigmaSymDSCB =  0.083085 +/- 0.0026388 L(0.05 - 0.15) 
alphaInfSymDSCB =  1.4475 +/- 0.14406 L(0.1 - 10) 
orderInfSymDSCB =  2.2214 +/- 0.54677 L(0.1 - 10) 
alphaSupSymDSCB =  1.4654 +/- 0.086500 L(0.1 - 10) 
orderSupSymDSCB =  40.000 +/- 0.040091 L(0.1 - 40) 
