sigmaSymDSCB =  0.078862 +/- 0.0024912 L(0.03 - 0.15) 
alphaInfSymDSCB =  1.3170 +/- 0.17678 L(0.1 - 10) 
orderInfSymDSCB =  2.8570 +/- 1.1828 L(0.1 - 10) 
alphaSupSymDSCB =  1.1737 +/- 0.090417 L(0.1 - 10) 
orderSupSymDSCB =  65.152 +/- 163.42 L(0.1 - 200) 
