sigmaSymDSCB =  0.094836 +/- 0.0047623 L(0.05 - 0.15) 
alphaInfSymDSCB =  1.1701 +/- 0.16534 L(0.1 - 10) 
orderInfSymDSCB =  3.8935 +/- 2.0916 L(0.1 - 10) 
alphaSupSymDSCB =  2.0296 +/- 0.41525 L(0.1 - 10) 
orderSupSymDSCB =  4.7693 +/- 3.5404 L(0.1 - 40) 
