sigmaSymDSCB =  0.097015 +/- 0.0037542 L(0.03 - 0.15) 
alphaInfSymDSCB =  1.2848 +/- 0.16553 L(0.1 - 10) 
orderInfSymDSCB =  3.8145 +/- 1.6234 L(0.1 - 10) 
alphaSupSymDSCB =  1.5635 +/- 0.22186 L(0.1 - 10) 
orderSupSymDSCB =  9.7289 +/- 7.8595 L(0.1 - 1000) 
