sigmaSymDSCB =  0.075604 +/- 0.0026375 L(0.05 - 0.15) 
alphaInfSymDSCB =  1.2861 +/- 0.098241 L(0.1 - 10) 
orderInfSymDSCB =  2.5570 +/- 0.45630 L(0.1 - 10) 
alphaSupSymDSCB =  1.2244 +/- 0.098387 L(0.1 - 10) 
orderSupSymDSCB =  18.031 +/- 10.341 L(0.1 - 40) 
