sigmaSymDSCB =  0.087188 +/- 0.0030102 L(0.05 - 0.15) 
alphaInfSymDSCB =  1.5646 +/- 0.13397 L(0.1 - 10) 
orderInfSymDSCB =  1.8369 +/- 0.36166 L(0.1 - 10) 
alphaSupSymDSCB =  1.5844 +/- 0.18510 L(0.1 - 10) 
orderSupSymDSCB =  11.667 +/- 7.0481 L(0.1 - 40) 
