sigmaSymDSCB =  0.094423 +/- 0.0029629 L(0.03 - 0.15) 
alphaInfSymDSCB =  1.5488 +/- 0.15390 L(0.1 - 10) 
orderInfSymDSCB =  2.1742 +/- 0.62936 L(0.01 - 10) 
alphaSupSymDSCB =  1.4720 +/- 0.093238 L(0.1 - 10) 
orderSupSymDSCB =  150.01 +/- 0.00031380 L(0.1 - 200) 
