sigmaSymDSCB =  0.091813 +/- 0.0073284 L(0.05 - 0.15) 
alphaInfSymDSCB =  1.1476 +/- 0.15517 L(0.1 - 10) 
orderInfSymDSCB =  3.7730 +/- 1.0335 L(0.1 - 10) 
alphaSupSymDSCB =  1.3010 +/- 0.17737 L(0.1 - 10) 
orderSupSymDSCB =  40.000 +/- 0.000028002 L(0.1 - 40) 
