sigmaSymDSCB =  0.098002 +/- 0.0028036 L(0.05 - 0.15) 
alphaInfSymDSCB =  1.3396 +/- 0.14588 L(0.1 - 10) 
orderInfSymDSCB =  3.9702 +/- 1.5295 L(0.1 - 10) 
alphaSupSymDSCB =  1.3183 +/- 0.067740 L(0.1 - 10) 
orderSupSymDSCB =  40.000 +/- 0.00046078 L(0.1 - 40) 
