sigmaSymDSCB =  0.087398 +/- 0.0060402 L(0.05 - 0.15) 
alphaInfSymDSCB =  1.1536 +/- 0.22085 L(0.1 - 10) 
orderInfSymDSCB =  4.0229 +/- 1.7913 L(0.1 - 10) 
alphaSupSymDSCB =  1.2596 +/- 0.11186 L(0.1 - 10) 
orderSupSymDSCB =  40.000 +/- 0.0000034309 L(0.1 - 40) 
