sigmaSymDSCB =  0.098180 +/- 0.011771 L(0.05 - 0.15) 
alphaInfSymDSCB =  1.3034 +/- 0.26046 L(0.1 - 10) 
orderInfSymDSCB =  3.3447 +/- 1.2185 L(0.1 - 10) 
alphaSupSymDSCB =  1.5811 +/- 0.70666 L(0.1 - 10) 
orderSupSymDSCB =  8.7123 +/- 14.253 L(0.1 - 40) 
