alphaInf =  1.6550 +/- 0.033385 L(0.1 - 10) 
orderInf =  1.6999 +/- 0.081502 L(0.1 - 10) 
alphaSup =  1.7253 +/- 0.059369 L(0.1 - 10) 
orderSup =  10.462 +/- 2.3292 L(0.1 - 40) 
