sigmaSymDSCB =  0.085121 +/- 0.0012801 L(0.03 - 0.15) 
alphaInfSymDSCB =  1.3917 +/- 0.068734 L(0.1 - 10) 
orderInfSymDSCB =  2.5002 +/- 0.37315 L(0.1 - 10) 
alphaSupSymDSCB =  1.4036 +/- 0.066810 L(0.1 - 10) 
orderSupSymDSCB =  22.025 +/- 12.070 L(0.1 - 1000) 
