sigmaSymDSCB =  0.095077 +/- 0.0033348 L(0.05 - 0.15) 
alphaInfSymDSCB =  2.1874 +/- 0.38274 L(0.1 - 10) 
orderInfSymDSCB =  0.86283 +/- 0.80998 L(0.1 - 10) 
alphaSupSymDSCB =  3.1013 +/- 0.22531 L(0.1 - 10) 
orderSupSymDSCB =  2.0194 +/- 0.88576 L(0.1 - 40) 
