sigmaSymDSCB =  0.089425 +/- 0.0027007 L(0.03 - 0.15) 
alphaInfSymDSCB =  1.1245 +/- 0.10726 L(0.1 - 10) 
orderInfSymDSCB =  4.0435 +/- 1.2146 L(0.1 - 10) 
alphaSupSymDSCB =  1.3128 +/- 0.080415 L(0.1 - 10) 
orderSupSymDSCB =  11.973 +/- 3.9476 L(0.1 - 1000) 
