sigmaSymDSCB =  0.10041 +/- 0.0040825 L(0.05 - 0.15) 
alphaInfSymDSCB =  1.6700 +/- 0.14869 L(0.1 - 10) 
orderInfSymDSCB =  1.6514 +/- 0.46082 L(0.1 - 10) 
alphaSupSymDSCB =  1.4752 +/- 0.25600 L(0.1 - 10) 
orderSupSymDSCB =  12.553 +/- 12.255 L(0.1 - 40) 
