sigmaSymDSCB =  0.089832 +/- 0.0048205 L(0.03 - 0.15) 
alphaInfSymDSCB =  1.4230 +/- 0.49991 L(0.1 - 10) 
orderInfSymDSCB =  3.8510 +/- 5.8233 L(0.1 - 10) 
alphaSupSymDSCB =  2.0469 +/- 0.23934 L(0.1 - 10) 
orderSupSymDSCB =  4.6304 +/- 3.4172 L(0.1 - 200) 
