sigmaSymDSCB =  0.080257 +/- 0.0064893 L(0.05 - 0.15) 
alphaInfSymDSCB =  1.2108 +/- 0.20170 L(0.1 - 10) 
orderInfSymDSCB =  2.9709 +/- 1.0024 L(0.1 - 10) 
alphaSupSymDSCB =  1.2194 +/- 0.18505 L(0.1 - 10) 
orderSupSymDSCB =  9.1007 +/- 5.2658 L(0.1 - 40) 
