alphaInfSymDSCB =  1.5027 +/- 0.029144 L(0.1 - 10) 
orderInfSymDSCB =  2.8982 +/- 0.10628 L(0.1 - 10) 
alphaSupSymDSCB =  1.8322 +/- 0.055461 L(0.1 - 10) 
orderSupSymDSCB =  6.3359 +/- 0.81920 L(0.1 - 40) 
