sigmaSymDSCB =  0.087629 +/- 0.0022463 L(0.05 - 0.15) 
alphaInfSymDSCB =  1.5193 +/- 0.15689 L(0.1 - 10) 
orderInfSymDSCB =  2.0974 +/- 0.62937 L(0.1 - 10) 
alphaSupSymDSCB =  1.9537 +/- 0.15468 L(0.1 - 10) 
orderSupSymDSCB =  4.4890 +/- 1.4321 L(0.1 - 40) 
