sigmaSymDSCB =  0.070802 +/- 0.0047154 L(0.05 - 0.15) 
alphaInfSymDSCB =  1.2417 +/- 0.10569 L(0.1 - 10) 
orderInfSymDSCB =  2.4223 +/- 0.38943 L(0.1 - 10) 
alphaSupSymDSCB =  1.1297 +/- 0.19578 L(0.1 - 10) 
orderSupSymDSCB =  16.577 +/- 14.565 L(0.1 - 40) 
