sigmaSymDSCB =  0.083877 +/- 0.0024046 L(0.05 - 0.15) 
alphaInfSymDSCB =  1.5870 +/- 0.091207 L(0.1 - 10) 
orderInfSymDSCB =  2.0750 +/- 0.33467 L(0.1 - 10) 
alphaSupSymDSCB =  1.5114 +/- 0.19902 L(0.1 - 10) 
orderSupSymDSCB =  18.515 +/- 18.740 L(0.1 - 40) 
