sigmaSymDSCB =  0.074737 +/- 0.0096642 L(0.05 - 0.15) 
alphaInfSymDSCB =  1.1461 +/- 0.20006 L(0.1 - 10) 
orderInfSymDSCB =  2.9230 +/- 1.0407 L(0.1 - 10) 
alphaSupSymDSCB =  1.2042 +/- 0.26208 L(0.1 - 10) 
orderSupSymDSCB =  40.000 +/- 0.000037460 L(0.1 - 40) 
