sigmaSymDSCB =  0.093366 +/- 0.0024550 L(0.03 - 0.15) 
alphaInfSymDSCB =  1.4285 +/- 0.13606 L(0.1 - 10) 
orderInfSymDSCB =  2.2546 +/- 0.60667 L(0.1 - 10) 
alphaSupSymDSCB =  1.4430 +/- 0.10790 L(0.1 - 10) 
orderSupSymDSCB =  14.399 +/- 8.1660 L(0.1 - 1000) 
