sigmaSymDSCB =  0.078235 +/- 0.0036910 L(0.05 - 0.15) 
alphaInfSymDSCB =  1.3474 +/- 0.17695 L(0.1 - 10) 
orderInfSymDSCB =  2.5730 +/- 0.68302 L(0.1 - 10) 
alphaSupSymDSCB =  1.3596 +/- 0.11417 L(0.1 - 10) 
orderSupSymDSCB =  17.042 +/- 9.7942 L(0.1 - 40) 
