sigmaSymDSCB =  0.098170 +/- 0.0041302 L(0.05 - 0.15) 
alphaInfSymDSCB =  1.6328 +/- 0.12711 L(0.1 - 10) 
orderInfSymDSCB =  1.8037 +/- 0.42343 L(0.1 - 10) 
alphaSupSymDSCB =  1.4303 +/- 0.14366 L(0.1 - 10) 
orderSupSymDSCB =  40.000 +/- 0.00047814 L(0.1 - 40) 
