sigmaSymDSCB =  0.076872 +/- 0.0031317 L(0.03 - 0.15) 
alphaInfSymDSCB =  1.1637 +/- 0.096086 L(0.1 - 10) 
orderInfSymDSCB =  3.2736 +/- 0.54074 L(0.01 - 10) 
alphaSupSymDSCB =  1.1859 +/- 0.072014 L(0.1 - 10) 
orderSupSymDSCB =  145.53 +/- 0.0000043233 L(0.1 - 200) 
