sigmaSymDSCB =  0.085707 +/- 0.0019487 L(0.05 - 0.15) 
alphaInfSymDSCB =  1.4886 +/- 0.14199 L(0.1 - 10) 
orderInfSymDSCB =  2.0273 +/- 0.57008 L(0.1 - 10) 
alphaSupSymDSCB =  2.0161 +/- 0.14611 L(0.1 - 10) 
orderSupSymDSCB =  3.9864 +/- 1.1951 L(0.1 - 40) 
