sigmaSymDSCB =  0.095072 +/- 0.0028243 L(0.05 - 0.15) 
alphaInfSymDSCB =  1.6018 +/- 0.12480 L(0.1 - 10) 
orderInfSymDSCB =  1.9319 +/- 0.40414 L(0.1 - 10) 
alphaSupSymDSCB =  1.5283 +/- 0.10288 L(0.1 - 10) 
orderSupSymDSCB =  40.000 +/- 0.000012666 L(0.1 - 40) 
