sigmaSymDSCB =  0.084806 +/- 0.0051065 L(0.03 - 0.15) 
alphaInfSymDSCB =  1.4738 +/- 0.37622 L(0.1 - 10) 
orderInfSymDSCB =  1.8225 +/- 1.8209 L(0.1 - 10) 
alphaSupSymDSCB =  1.1454 +/- 0.14624 L(0.1 - 10) 
orderSupSymDSCB =  143.93 +/- 102.15 L(0.1 - 200) 
