sigmaSymDSCB =  0.087963 +/- 0.0048256 L(0.05 - 0.15) 
alphaInfSymDSCB =  1.3996 +/- 0.26608 L(0.1 - 10) 
orderInfSymDSCB =  2.4053 +/- 1.0827 L(0.1 - 10) 
alphaSupSymDSCB =  1.5879 +/- 0.23136 L(0.1 - 10) 
orderSupSymDSCB =  8.6884 +/- 4.6783 L(0.1 - 40) 
