sigmaSymDSCB =  0.073395 +/- 0.0056194 L(0.05 - 0.15) 
alphaInfSymDSCB =  0.99926 +/- 0.15441 L(0.1 - 10) 
orderInfSymDSCB =  2.9767 +/- 0.98489 L(0.1 - 10) 
alphaSupSymDSCB =  1.3326 +/- 0.14863 L(0.1 - 10) 
orderSupSymDSCB =  40.000 +/- 0.00014787 L(0.1 - 40) 
