sigmaSymDSCB =  0.085203 +/- 0.0025944 L(0.05 - 0.15) 
alphaInfSymDSCB =  1.3663 +/- 0.11539 L(0.1 - 10) 
orderInfSymDSCB =  2.7296 +/- 0.59146 L(0.1 - 10) 
alphaSupSymDSCB =  1.5232 +/- 0.13824 L(0.1 - 10) 
orderSupSymDSCB =  8.6390 +/- 3.2409 L(0.1 - 40) 
