sigmaSymDSCB =  0.078251 +/- 0.0020626 L(0.05 - 0.15) 
alphaInfSymDSCB =  1.2953 +/- 0.070211 L(0.1 - 10) 
orderInfSymDSCB =  2.1624 +/- 0.26708 L(0.1 - 10) 
alphaSupSymDSCB =  1.3471 +/- 0.10505 L(0.1 - 10) 
orderSupSymDSCB =  12.783 +/- 6.3781 L(0.1 - 40) 
