sigmaSymDSCB =  0.082059 +/- 0.0059771 L(0.05 - 0.15) 
alphaInfSymDSCB =  1.2297 +/- 0.18702 L(0.1 - 10) 
orderInfSymDSCB =  2.2647 +/- 0.68962 L(0.1 - 10) 
alphaSupSymDSCB =  1.3903 +/- 0.27255 L(0.1 - 10) 
orderSupSymDSCB =  8.0578 +/- 7.1817 L(0.1 - 40) 
