sigmaSymDSCB =  0.076557 +/- 0.0038994 L(0.05 - 0.15) 
alphaInfSymDSCB =  1.1978 +/- 0.15888 L(0.1 - 10) 
orderInfSymDSCB =  2.7139 +/- 0.93919 L(0.1 - 10) 
alphaSupSymDSCB =  1.0885 +/- 0.085823 L(0.1 - 10) 
orderSupSymDSCB =  40.000 +/- 0.000061617 L(0.1 - 40) 
