sigmaSymDSCB =  0.10099 +/- 0.0025227 L(0.05 - 0.15) 
alphaInfSymDSCB =  1.8179 +/- 0.16667 L(0.1 - 10) 
orderInfSymDSCB =  1.5159 +/- 0.55114 L(0.1 - 10) 
alphaSupSymDSCB =  1.5012 +/- 0.16607 L(0.1 - 10) 
orderSupSymDSCB =  12.216 +/- 12.053 L(0.1 - 40) 
