sigmaSymDSCB =  0.082578 +/- 0.0039924 L(0.05 - 0.15) 
alphaInfSymDSCB =  1.4849 +/- 0.18807 L(0.1 - 10) 
orderInfSymDSCB =  2.0456 +/- 0.65427 L(0.1 - 10) 
alphaSupSymDSCB =  1.3879 +/- 0.25810 L(0.1 - 10) 
orderSupSymDSCB =  18.630 +/- 30.086 L(0.1 - 40) 
