sigmaSymDSCB =  0.094526 +/- 0.0037228 L(0.03 - 0.15) 
alphaInfSymDSCB =  2.5684 +/- 1.0676 L(0.1 - 10) 
orderInfSymDSCB =  0.14652 +/- 1.1648 L(0.1 - 10) 
alphaSupSymDSCB =  2.4247 +/- 1.1260 L(0.1 - 10) 
orderSupSymDSCB =  9.3536 +/- 29.543 L(0.1 - 200) 
