sigmaSymDSCB =  0.087712 +/- 0.0054249 L(0.05 - 0.15) 
alphaInfSymDSCB =  1.7758 +/- 0.18709 L(0.1 - 10) 
orderInfSymDSCB =  1.5949 +/- 0.50612 L(0.1 - 10) 
alphaSupSymDSCB =  1.4419 +/- 0.18982 L(0.1 - 10) 
orderSupSymDSCB =  40.000 +/- 0.000061007 L(0.1 - 40) 
