sigmaSymDSCB =  0.076183 +/- 0.0044045 L(0.05 - 0.15) 
alphaInfSymDSCB =  1.3345 +/- 0.18620 L(0.1 - 10) 
orderInfSymDSCB =  2.3386 +/- 0.59372 L(0.1 - 10) 
alphaSupSymDSCB =  1.1645 +/- 0.21242 L(0.1 - 10) 
orderSupSymDSCB =  22.758 +/- 53.259 L(0.1 - 40) 
