sigmaSymDSCB =  0.093816 +/- 0.0040161 L(0.03 - 0.15) 
alphaInfSymDSCB =  1.2276 +/- 0.28418 L(0.1 - 10) 
orderInfSymDSCB =  3.7099 +/- 3.0307 L(0.1 - 10) 
alphaSupSymDSCB =  1.4561 +/- 0.10412 L(0.1 - 10) 
orderSupSymDSCB =  149.51 +/- 135.94 L(0.1 - 200) 
