sigmaSymDSCB =  0.087194 +/- 0.0073492 L(0.03 - 0.15) 
alphaInfSymDSCB =  1.3140 +/- 0.20850 L(0.1 - 10) 
orderInfSymDSCB =  2.7925 +/- 1.5957 L(0.1 - 10) 
alphaSupSymDSCB =  1.3371 +/- 0.48748 L(0.1 - 10) 
orderSupSymDSCB =  32.365 +/- 136.27 L(0.1 - 200) 
