sigmaSymDSCB =  0.081168 +/- 0.033327 L(0.05 - 0.15) 
alphaInfSymDSCB =  1.5921 +/- 0.58984 L(0.1 - 10) 
orderInfSymDSCB =  2.4916 +/- 1.7681 L(0.1 - 10) 
alphaSupSymDSCB =  1.5928 +/- 2.1910 L(0.1 - 10) 
orderSupSymDSCB =  40.000 +/- 0.000068018 L(0.1 - 40) 
