sigmaSymDSCB =  0.090323 +/- 0.0081654 L(0.05 - 0.15) 
alphaInfSymDSCB =  1.5074 +/- 0.65328 L(0.1 - 10) 
orderInfSymDSCB =  3.0284 +/- 3.2566 L(0.1 - 10) 
alphaSupSymDSCB =  2.0268 +/- 0.22461 L(0.1 - 10) 
orderSupSymDSCB =  5.2380 +/- 3.3918 L(0.1 - 40) 
