alphaInf =  1.4006 +/- 0.020989 L(0.1 - 10) 
orderInf =  2.3114 +/- 0.077888 L(0.1 - 10) 
alphaSup =  1.3914 +/- 0.027747 L(0.1 - 10) 
orderSup =  13.842 +/- 2.0072 L(0.1 - 100) 
