sigmaSymDSCB =  0.070986 +/- 0.0094124 L(0.05 - 0.15) 
alphaInfSymDSCB =  1.0928 +/- 0.19415 L(0.1 - 10) 
orderInfSymDSCB =  2.5134 +/- 0.74560 L(0.1 - 10) 
alphaSupSymDSCB =  1.1964 +/- 0.37100 L(0.1 - 10) 
orderSupSymDSCB =  23.193 +/- 48.448 L(0.1 - 40) 
