sigmaSymDSCB =  0.089497 +/- 0.0090458 L(0.05 - 0.15) 
alphaInfSymDSCB =  1.3659 +/- 0.32850 L(0.1 - 10) 
orderInfSymDSCB =  2.0797 +/- 1.1128 L(0.1 - 10) 
alphaSupSymDSCB =  1.3860 +/- 0.24331 L(0.1 - 10) 
orderSupSymDSCB =  40.000 +/- 0.00037059 L(0.1 - 40) 
