sigmaSymDSCB =  0.078990 +/- 0.0016662 L(0.03 - 0.15) 
alphaInfSymDSCB =  1.1739 +/- 0.069046 L(0.1 - 10) 
orderInfSymDSCB =  3.2850 +/- 0.52732 L(0.1 - 10) 
alphaSupSymDSCB =  1.2959 +/- 0.070914 L(0.1 - 10) 
orderSupSymDSCB =  13.976 +/- 5.1498 L(0.1 - 1000) 
