sigmaSymDSCB =  0.096773 +/- 0.0055945 L(0.05 - 0.15) 
alphaInfSymDSCB =  1.8978 +/- 0.25485 L(0.1 - 10) 
orderInfSymDSCB =  1.3065 +/- 0.58932 L(0.1 - 10) 
alphaSupSymDSCB =  2.0344 +/- 0.49626 L(0.1 - 10) 
orderSupSymDSCB =  40.000 +/- 0.00079943 L(0.1 - 40) 
