sigmaSymDSCB =  0.072940 +/- 0.0025461 L(0.03 - 0.15) 
alphaInfSymDSCB =  1.0652 +/- 0.11471 L(0.1 - 10) 
orderInfSymDSCB =  4.0116 +/- 1.4270 L(0.1 - 10) 
alphaSupSymDSCB =  1.2162 +/- 0.14500 L(0.1 - 10) 
orderSupSymDSCB =  17.240 +/- 17.722 L(0.1 - 200) 
