sigmaSymDSCB =  0.095179 +/- 0.0027628 L(0.05 - 0.15) 
alphaInfSymDSCB =  1.4605 +/- 0.11769 L(0.1 - 10) 
orderInfSymDSCB =  2.2474 +/- 0.48107 L(0.1 - 10) 
alphaSupSymDSCB =  1.2858 +/- 0.075204 L(0.1 - 10) 
orderSupSymDSCB =  40.000 +/- 0.0061154 L(0.1 - 40) 
