sigmaSymDSCB =  0.082971 +/- 0.0062914 L(0.05 - 0.15) 
alphaInfSymDSCB =  1.0823 +/- 0.22234 L(0.1 - 10) 
orderInfSymDSCB =  4.0900 +/- 2.0942 L(0.1 - 10) 
alphaSupSymDSCB =  1.4252 +/- 0.21718 L(0.1 - 10) 
orderSupSymDSCB =  30.329 +/- 50.852 L(0.1 - 40) 
