sigmaSymDSCB =  0.093069 +/- 0.0029836 L(0.05 - 0.15) 
alphaInfSymDSCB =  1.4601 +/- 0.11216 L(0.1 - 10) 
orderInfSymDSCB =  2.6852 +/- 0.56412 L(0.1 - 10) 
alphaSupSymDSCB =  1.2330 +/- 0.072357 L(0.1 - 10) 
orderSupSymDSCB =  39.999 +/- 0.021380 L(0.1 - 40) 
