sigmaSymDSCB =  0.087484 +/- 0.0027173 L(0.05 - 0.15) 
alphaInfSymDSCB =  1.5344 +/- 0.16984 L(0.1 - 10) 
orderInfSymDSCB =  2.0450 +/- 0.57608 L(0.1 - 10) 
alphaSupSymDSCB =  1.5707 +/- 0.11905 L(0.1 - 10) 
orderSupSymDSCB =  13.426 +/- 6.3725 L(0.1 - 40) 
