sigmaSymDSCB =  0.094881 +/- 0.0038372 L(0.03 - 0.15) 
alphaInfSymDSCB =  1.2098 +/- 0.35471 L(0.1 - 10) 
orderInfSymDSCB =  3.9413 +/- 4.6063 L(0.1 - 10) 
alphaSupSymDSCB =  1.5393 +/- 0.15970 L(0.1 - 10) 
orderSupSymDSCB =  9.1365 +/- 5.7068 L(0.1 - 200) 
