sigmaSymDSCB =  0.090961 +/- 0.0046281 L(0.05 - 0.15) 
alphaInfSymDSCB =  1.4952 +/- 0.25316 L(0.1 - 10) 
orderInfSymDSCB =  2.1113 +/- 1.1489 L(0.1 - 10) 
alphaSupSymDSCB =  1.3008 +/- 0.14747 L(0.1 - 10) 
orderSupSymDSCB =  40.000 +/- 0.10194 L(0.1 - 40) 
