sigmaSymDSCB =  0.092106 +/- 0.0025071 L(0.03 - 0.15) 
alphaInfSymDSCB =  1.5320 +/- 0.26166 L(0.1 - 10) 
orderInfSymDSCB =  2.3651 +/- 1.5552 L(0.1 - 10) 
alphaSupSymDSCB =  2.0731 +/- 0.31946 L(0.1 - 10) 
orderSupSymDSCB =  3.8693 +/- 2.6079 L(0.1 - 200) 
