sigmaSymDSCB =  0.089064 +/- 0.0055090 L(0.03 - 0.15) 
alphaInfSymDSCB =  1.0093 +/- 0.17744 L(0.1 - 10) 
orderInfSymDSCB =  6.3558 +/- 5.5222 L(0.1 - 10) 
alphaSupSymDSCB =  1.2134 +/- 0.11934 L(0.1 - 10) 
orderSupSymDSCB =  141.86 +/- 37.249 L(0.1 - 200) 
