sigmaSymDSCB =  0.082685 +/- 0.0038808 L(0.05 - 0.15) 
alphaInfSymDSCB =  1.3818 +/- 0.18598 L(0.1 - 10) 
orderInfSymDSCB =  2.0405 +/- 0.72264 L(0.1 - 10) 
alphaSupSymDSCB =  1.2585 +/- 0.12707 L(0.1 - 10) 
orderSupSymDSCB =  21.388 +/- 28.136 L(0.1 - 40) 
