sigmaSymDSCB =  0.082838 +/- 0.0046430 L(0.05 - 0.15) 
alphaInfSymDSCB =  1.6314 +/- 0.28017 L(0.1 - 10) 
orderInfSymDSCB =  1.6062 +/- 0.64705 L(0.1 - 10) 
alphaSupSymDSCB =  1.4781 +/- 0.17616 L(0.1 - 10) 
orderSupSymDSCB =  10.978 +/- 7.2456 L(0.1 - 40) 
