sigmaSymDSCB =  0.097626 +/- 0.0042559 L(0.05 - 0.15) 
alphaInfSymDSCB =  1.8012 +/- 0.28788 L(0.1 - 10) 
orderInfSymDSCB =  1.3693 +/- 0.73211 L(0.1 - 10) 
alphaSupSymDSCB =  1.7829 +/- 0.32181 L(0.1 - 10) 
orderSupSymDSCB =  12.300 +/- 14.729 L(0.1 - 40) 
