alphaInf =  1.6887 +/- 0.19809 L(0.1 - 10) 
orderInf =  1.8313 +/- 0.63367 L(0.1 - 10) 
alphaSup =  1.7392 +/- 0.096042 L(0.1 - 10) 
orderSup =  13.177 +/- 4.7507 L(0.1 - 40) 
