sigmaSymDSCB =  0.081430 +/- 0.0047542 L(0.05 - 0.15) 
alphaInfSymDSCB =  1.5715 +/- 0.17967 L(0.1 - 10) 
orderInfSymDSCB =  1.9223 +/- 0.53667 L(0.1 - 10) 
alphaSupSymDSCB =  1.2257 +/- 0.19309 L(0.1 - 10) 
orderSupSymDSCB =  23.281 +/- 37.562 L(0.1 - 40) 
