sigmaSymDSCB =  0.10138 +/- 0.0048869 L(0.05 - 0.15) 
alphaInfSymDSCB =  1.6578 +/- 0.34689 L(0.1 - 10) 
orderInfSymDSCB =  2.0152 +/- 1.2993 L(0.1 - 10) 
alphaSupSymDSCB =  1.6942 +/- 0.29813 L(0.1 - 10) 
orderSupSymDSCB =  10.831 +/- 9.5200 L(0.1 - 40) 
