alphaInfSymDSCB =  1.3633 +/- 0.027136 L(0.1 - 10) 
orderInfSymDSCB =  2.7451 +/- 0.091263 L(0.1 - 10) 
alphaSupSymDSCB =  1.6491 +/- 0.068594 L(0.1 - 10) 
orderSupSymDSCB =  19.063 +/- 7.5065 L(0.1 - 40) 
