sigmaSymDSCB =  0.085594 +/- 0.0024506 L(0.03 - 0.15) 
alphaInfSymDSCB =  1.3538 +/- 0.17410 L(0.1 - 10) 
orderInfSymDSCB =  2.7267 +/- 1.2626 L(0.1 - 10) 
alphaSupSymDSCB =  1.3980 +/- 0.11616 L(0.1 - 10) 
orderSupSymDSCB =  147.00 +/- 0.0084079 L(0.1 - 200) 
