alphaInf =  1.6205 +/- 0.029618 L(0.1 - 10) 
orderInf =  1.8329 +/- 0.078482 L(0.1 - 10) 
alphaSup =  1.6714 +/- 0.063084 L(0.1 - 10) 
orderSup =  11.806 +/- 3.3678 L(0.1 - 40) 
