alphaInf =  1.4122 +/- 0.025842 L(0.1 - 10) 
orderInf =  2.2060 +/- 0.090218 L(0.1 - 10) 
alphaSup =  1.3546 +/- 0.032340 L(0.1 - 10) 
orderSup =  12.398 +/- 1.8140 L(0.1 - 100) 
