sigmaSymDSCB =  0.093559 +/- 0.0030784 L(0.05 - 0.15) 
alphaInfSymDSCB =  1.9333 +/- 0.17387 L(0.1 - 10) 
orderInfSymDSCB =  1.0382 +/- 0.35724 L(0.1 - 10) 
alphaSupSymDSCB =  1.6824 +/- 0.19769 L(0.1 - 10) 
orderSupSymDSCB =  10.803 +/- 11.418 L(0.1 - 40) 
