sigmaSymDSCB =  0.092482 +/- 0.010351 L(0.03 - 0.15) 
alphaInfSymDSCB =  1.4032 +/- 0.63654 L(0.1 - 10) 
orderInfSymDSCB =  3.1449 +/- 4.0260 L(0.1 - 10) 
alphaSupSymDSCB =  1.1998 +/- 0.19956 L(0.1 - 10) 
orderSupSymDSCB =  93.484 +/- 431.82 L(0.1 - 200) 
