sigmaSymDSCB =  0.086313 +/- 0.0093307 L(0.03 - 0.15) 
alphaInfSymDSCB =  1.0547 +/- 0.36981 L(0.1 - 10) 
orderInfSymDSCB =  4.7585 +/- 5.9608 L(0.1 - 10) 
alphaSupSymDSCB =  1.1847 +/- 0.27375 L(0.1 - 10) 
orderSupSymDSCB =  53.600 +/- 196.37 L(0.1 - 200) 
