sigmaSymDSCB =  0.072162 +/- 0.0025236 L(0.05 - 0.15) 
alphaInfSymDSCB =  1.2683 +/- 0.084105 L(0.1 - 10) 
orderInfSymDSCB =  2.7604 +/- 0.42516 L(0.1 - 10) 
alphaSupSymDSCB =  1.1796 +/- 0.072086 L(0.1 - 10) 
orderSupSymDSCB =  40.000 +/- 0.00014458 L(0.1 - 40) 
