sigmaSymDSCB =  0.085226 +/- 0.0025914 L(0.03 - 0.15) 
alphaInfSymDSCB =  1.6866 +/- 0.14663 L(0.1 - 10) 
orderInfSymDSCB =  1.6758 +/- 0.43124 L(0.01 - 10) 
alphaSupSymDSCB =  1.6943 +/- 0.23987 L(0.1 - 10) 
orderSupSymDSCB =  11.031 +/- 9.1734 L(0.1 - 200) 
