sigmaSymDSCB =  0.080953 +/- 0.0027264 L(0.05 - 0.15) 
alphaInfSymDSCB =  1.5898 +/- 0.13924 L(0.1 - 10) 
orderInfSymDSCB =  1.7309 +/- 0.37179 L(0.1 - 10) 
alphaSupSymDSCB =  1.3123 +/- 0.11489 L(0.1 - 10) 
orderSupSymDSCB =  25.057 +/- 25.022 L(0.1 - 40) 
