sigmaSymDSCB =  0.077190 +/- 0.0048189 L(0.05 - 0.15) 
alphaInfSymDSCB =  1.2681 +/- 0.16843 L(0.1 - 10) 
orderInfSymDSCB =  2.6865 +/- 0.66780 L(0.1 - 10) 
alphaSupSymDSCB =  1.1723 +/- 0.13315 L(0.1 - 10) 
orderSupSymDSCB =  22.048 +/- 17.826 L(0.1 - 40) 
