sigmaSymDSCB =  0.088410 +/- 0.0071268 L(0.05 - 0.15) 
alphaInfSymDSCB =  1.4069 +/- 0.33015 L(0.1 - 10) 
orderInfSymDSCB =  2.1737 +/- 1.0501 L(0.1 - 10) 
alphaSupSymDSCB =  1.6913 +/- 0.30710 L(0.1 - 10) 
orderSupSymDSCB =  6.7729 +/- 4.6372 L(0.1 - 40) 
