sigmaSymDSCB =  0.10143 +/- 0.0025366 L(0.05 - 0.15) 
alphaInfSymDSCB =  1.6620 +/- 0.16445 L(0.1 - 10) 
orderInfSymDSCB =  1.7485 +/- 0.49267 L(0.1 - 10) 
alphaSupSymDSCB =  1.8524 +/- 0.15304 L(0.1 - 10) 
orderSupSymDSCB =  9.0613 +/- 4.5012 L(0.1 - 40) 
