sigmaSymDSCB =  0.080595 +/- 0.0026825 L(0.03 - 0.15) 
alphaInfSymDSCB =  1.3929 +/- 0.13465 L(0.1 - 10) 
orderInfSymDSCB =  2.7324 +/- 0.67333 L(0.01 - 10) 
alphaSupSymDSCB =  1.3296 +/- 0.11757 L(0.1 - 10) 
orderSupSymDSCB =  43.441 +/- 82.962 L(0.1 - 200) 
