sigmaSymDSCB =  0.072181 +/- 0.0024537 L(0.05 - 0.15) 
alphaInfSymDSCB =  1.1842 +/- 0.092232 L(0.1 - 10) 
orderInfSymDSCB =  2.7430 +/- 0.43874 L(0.1 - 10) 
alphaSupSymDSCB =  1.1851 +/- 0.060089 L(0.1 - 10) 
orderSupSymDSCB =  40.000 +/- 0.00029287 L(0.1 - 40) 
