sigmaSymDSCB =  0.10016 +/- 0.012883 L(0.03 - 0.15) 
alphaInfSymDSCB =  1.2863 +/- 0.39417 L(0.1 - 10) 
orderInfSymDSCB =  3.6847 +/- 3.8710 L(0.1 - 10) 
alphaSupSymDSCB =  1.5212 +/- 0.68713 L(0.1 - 10) 
orderSupSymDSCB =  148.38 +/- 0.0048854 L(0.1 - 200) 
