sigmaSymDSCB =  0.091854 +/- 0.0038403 L(0.05 - 0.15) 
alphaInfSymDSCB =  1.6118 +/- 0.24253 L(0.1 - 10) 
orderInfSymDSCB =  1.8192 +/- 0.73178 L(0.1 - 10) 
alphaSupSymDSCB =  1.8227 +/- 0.17403 L(0.1 - 10) 
orderSupSymDSCB =  40.000 +/- 0.0081980 L(0.1 - 40) 
