sigmaSymDSCB =  0.093807 +/- 0.014572 L(0.05 - 0.15) 
alphaInfSymDSCB =  1.1737 +/- 0.24326 L(0.1 - 10) 
orderInfSymDSCB =  3.9256 +/- 2.2061 L(0.1 - 10) 
alphaSupSymDSCB =  2.1517 +/- 2.1374 L(0.1 - 10) 
orderSupSymDSCB =  4.1012 +/- 12.742 L(0.1 - 40) 
