sigmaSymDSCB =  0.099829 +/- 0.0027448 L(0.05 - 0.15) 
alphaInfSymDSCB =  1.5150 +/- 0.14928 L(0.1 - 10) 
orderInfSymDSCB =  2.1912 +/- 0.65933 L(0.1 - 10) 
alphaSupSymDSCB =  1.8582 +/- 0.21939 L(0.1 - 10) 
orderSupSymDSCB =  7.9970 +/- 5.3545 L(0.1 - 40) 
