sigmaSymDSCB =  0.079602 +/- 0.0033045 L(0.05 - 0.15) 
alphaInfSymDSCB =  1.3163 +/- 0.11694 L(0.1 - 10) 
orderInfSymDSCB =  2.3344 +/- 0.38496 L(0.1 - 10) 
alphaSupSymDSCB =  1.2823 +/- 0.081912 L(0.1 - 10) 
orderSupSymDSCB =  40.000 +/- 0.0028062 L(0.1 - 40) 
