sigmaSymDSCB =  0.086144 +/- 0.0030001 L(0.05 - 0.15) 
alphaInfSymDSCB =  1.5176 +/- 0.14677 L(0.1 - 10) 
orderInfSymDSCB =  2.1583 +/- 0.50395 L(0.1 - 10) 
alphaSupSymDSCB =  1.4972 +/- 0.16141 L(0.1 - 10) 
orderSupSymDSCB =  9.4269 +/- 5.4968 L(0.1 - 40) 
