sigmaSymDSCB =  0.093046 +/- 0.0054424 L(0.05 - 0.15) 
alphaInfSymDSCB =  1.8406 +/- 0.39301 L(0.1 - 10) 
orderInfSymDSCB =  1.3496 +/- 0.83026 L(0.1 - 10) 
alphaSupSymDSCB =  1.6368 +/- 0.15457 L(0.1 - 10) 
orderSupSymDSCB =  40.000 +/- 0.00098351 L(0.1 - 40) 
