sigmaSymDSCB =  0.074029 +/- 0.0075228 L(0.03 - 0.15) 
alphaInfSymDSCB =  1.0734 +/- 0.22780 L(0.1 - 10) 
orderInfSymDSCB =  4.4142 +/- 1.7645 L(0.01 - 10) 
alphaSupSymDSCB =  1.1072 +/- 0.17738 L(0.1 - 10) 
orderSupSymDSCB =  25.312 +/- 27.108 L(0.1 - 200) 
