sigmaSymDSCB =  0.088101 +/- 0.0056960 L(0.03 - 0.15) 
alphaInfSymDSCB =  1.6202 +/- 0.30120 L(0.1 - 10) 
orderInfSymDSCB =  1.7276 +/- 1.2025 L(0.1 - 10) 
alphaSupSymDSCB =  1.2327 +/- 0.20528 L(0.1 - 10) 
orderSupSymDSCB =  139.29 +/- 670.70 L(0.1 - 200) 
