sigmaSymDSCB =  0.098229 +/- 0.0036639 L(0.05 - 0.15) 
alphaInfSymDSCB =  2.0609 +/- 0.22012 L(0.1 - 10) 
orderInfSymDSCB =  1.2420 +/- 0.48363 L(0.1 - 10) 
alphaSupSymDSCB =  2.2527 +/- 0.17081 L(0.1 - 10) 
orderSupSymDSCB =  4.5274 +/- 1.7089 L(0.1 - 40) 
