sigmaSymDSCB =  0.081421 +/- 0.0022394 L(0.05 - 0.15) 
alphaInfSymDSCB =  1.4817 +/- 0.10795 L(0.1 - 10) 
orderInfSymDSCB =  1.9892 +/- 0.33930 L(0.1 - 10) 
alphaSupSymDSCB =  1.4106 +/- 0.10873 L(0.1 - 10) 
orderSupSymDSCB =  20.515 +/- 14.748 L(0.1 - 40) 
