sigmaSymDSCB =  0.075088 +/- 0.0040504 L(0.03 - 0.15) 
alphaInfSymDSCB =  1.1786 +/- 0.11052 L(0.1 - 10) 
orderInfSymDSCB =  2.9678 +/- 0.69468 L(0.01 - 10) 
alphaSupSymDSCB =  1.0296 +/- 0.093798 L(0.1 - 10) 
orderSupSymDSCB =  142.03 +/- 288.89 L(0.1 - 200) 
