sigmaSymDSCB =  0.087395 +/- 0.0039568 L(0.03 - 0.15) 
alphaInfSymDSCB =  1.4066 +/- 0.20149 L(0.1 - 10) 
orderInfSymDSCB =  2.6481 +/- 1.0358 L(0.01 - 10) 
alphaSupSymDSCB =  1.5242 +/- 0.17479 L(0.1 - 10) 
orderSupSymDSCB =  7.9750 +/- 4.0041 L(0.1 - 200) 
