sigmaSymDSCB =  0.081517 +/- 0.0023617 L(0.05 - 0.15) 
alphaInfSymDSCB =  1.5204 +/- 0.11585 L(0.1 - 10) 
orderInfSymDSCB =  2.0095 +/- 0.39520 L(0.1 - 10) 
alphaSupSymDSCB =  1.3525 +/- 0.075996 L(0.1 - 10) 
orderSupSymDSCB =  40.000 +/- 0.10866 L(0.1 - 40) 
