sigmaSymDSCB =  0.083572 +/- 0.0024485 L(0.05 - 0.15) 
alphaInfSymDSCB =  1.4064 +/- 0.092213 L(0.1 - 10) 
orderInfSymDSCB =  2.2212 +/- 0.31312 L(0.1 - 10) 
alphaSupSymDSCB =  1.5705 +/- 0.15771 L(0.1 - 10) 
orderSupSymDSCB =  13.173 +/- 7.3072 L(0.1 - 40) 
