sigmaSymDSCB =  0.050000 +/- 0.000000021131 L(0.05 - 0.15) 
alphaInfSymDSCB =  0.69793 +/- 0.091619 L(0.1 - 10) 
orderInfSymDSCB =  5.2989 +/- 2.0698 L(0.1 - 10) 
alphaSupSymDSCB =  0.81562 +/- 0.061686 L(0.1 - 10) 
orderSupSymDSCB =  40.000 +/- 0.0000012704 L(0.1 - 40) 
