sigmaSymDSCB =  0.085917 +/- 0.00052842 L(0.03 - 0.15) 
alphaInfSymDSCB =  1.3034 +/- 0.025111 L(0.1 - 10) 
orderInfSymDSCB =  2.9515 +/- 0.16182 L(0.1 - 10) 
alphaSupSymDSCB =  1.3786 +/- 0.024400 L(0.1 - 10) 
orderSupSymDSCB =  16.371 +/- 2.3444 L(0.1 - 100) 
