sigmaSymDSCB =  0.089913 +/- 0.0024449 L(0.05 - 0.15) 
alphaInfSymDSCB =  1.6389 +/- 0.18155 L(0.1 - 10) 
orderInfSymDSCB =  1.8671 +/- 0.62934 L(0.1 - 10) 
alphaSupSymDSCB =  1.8319 +/- 0.13283 L(0.1 - 10) 
orderSupSymDSCB =  5.1502 +/- 1.6901 L(0.1 - 40) 
