sigmaSymDSCB =  0.084948 +/- 0.0038886 L(0.05 - 0.15) 
alphaInfSymDSCB =  1.4695 +/- 0.19269 L(0.1 - 10) 
orderInfSymDSCB =  2.3866 +/- 0.68585 L(0.1 - 10) 
alphaSupSymDSCB =  1.6372 +/- 0.21833 L(0.1 - 10) 
orderSupSymDSCB =  15.415 +/- 15.103 L(0.1 - 40) 
