sigmaSymDSCB =  0.089780 +/- 0.0045544 L(0.05 - 0.15) 
alphaInfSymDSCB =  1.8423 +/- 0.21136 L(0.1 - 10) 
orderInfSymDSCB =  1.3979 +/- 0.56747 L(0.1 - 10) 
alphaSupSymDSCB =  1.9191 +/- 0.27708 L(0.1 - 10) 
orderSupSymDSCB =  12.217 +/- 9.5424 L(0.1 - 40) 
