sigmaSymDSCB =  0.086504 +/- 0.0019120 L(0.05 - 0.15) 
alphaInfSymDSCB =  1.4312 +/- 0.086595 L(0.1 - 10) 
orderInfSymDSCB =  2.4086 +/- 0.41563 L(0.1 - 10) 
alphaSupSymDSCB =  1.5356 +/- 0.076833 L(0.1 - 10) 
orderSupSymDSCB =  40.000 +/- 0.000029265 L(0.1 - 40) 
