sigmaSymDSCB =  0.089841 +/- 0.0029142 L(0.05 - 0.15) 
alphaInfSymDSCB =  1.6841 +/- 0.16379 L(0.1 - 10) 
orderInfSymDSCB =  1.4401 +/- 0.36864 L(0.1 - 10) 
alphaSupSymDSCB =  1.7452 +/- 0.23174 L(0.1 - 10) 
orderSupSymDSCB =  7.8753 +/- 5.8608 L(0.1 - 40) 
