sigmaSymDSCB =  0.10312 +/- 0.0054881 L(0.03 - 0.15) 
alphaInfSymDSCB =  1.3540 +/- 0.37999 L(0.1 - 10) 
orderInfSymDSCB =  3.0496 +/- 2.8779 L(0.1 - 10) 
alphaSupSymDSCB =  1.5821 +/- 0.29135 L(0.1 - 10) 
orderSupSymDSCB =  32.495 +/- 103.57 L(0.1 - 200) 
