sigmaSymDSCB =  0.083449 +/- 0.0028754 L(0.05 - 0.15) 
alphaInfSymDSCB =  1.4691 +/- 0.13319 L(0.1 - 10) 
orderInfSymDSCB =  2.2089 +/- 0.48040 L(0.1 - 10) 
alphaSupSymDSCB =  1.5879 +/- 0.16656 L(0.1 - 10) 
orderSupSymDSCB =  7.5368 +/- 3.4504 L(0.1 - 40) 
