sigmaSymDSCB =  0.080530 +/- 0.0016173 L(0.05 - 0.15) 
alphaInfSymDSCB =  1.4474 +/- 0.083210 L(0.1 - 10) 
orderInfSymDSCB =  2.0394 +/- 0.29535 L(0.1 - 10) 
alphaSupSymDSCB =  1.4171 +/- 0.18715 L(0.1 - 10) 
orderSupSymDSCB =  17.132 +/- 26.128 L(0.1 - 40) 
