alphaInfSymDSCB =  1.5375 +/- 0.018525 L(0.1 - 10) 
orderInfSymDSCB =  2.0625 +/- 0.037839 L(0.1 - 10) 
alphaSupSymDSCB =  1.6918 +/- 0.055527 L(0.1 - 10) 
orderSupSymDSCB =  11.333 +/- 2.2916 L(0.1 - 40) 
