sigmaSymDSCB =  0.079637 +/- 0.0064004 L(0.05 - 0.15) 
alphaInfSymDSCB =  1.1122 +/- 0.29609 L(0.1 - 10) 
orderInfSymDSCB =  3.2675 +/- 2.1488 L(0.1 - 10) 
alphaSupSymDSCB =  1.3622 +/- 0.15458 L(0.1 - 10) 
orderSupSymDSCB =  40.000 +/- 0.00010766 L(0.1 - 40) 
