sigmaSymDSCB =  0.088852 +/- 0.0043935 L(0.05 - 0.15) 
alphaInfSymDSCB =  1.7202 +/- 0.15101 L(0.1 - 10) 
orderInfSymDSCB =  1.3136 +/- 0.34648 L(0.1 - 10) 
alphaSupSymDSCB =  1.2847 +/- 0.13795 L(0.1 - 10) 
orderSupSymDSCB =  40.000 +/- 0.00018921 L(0.1 - 40) 
