sigmaSymDSCB =  0.086873 +/- 0.020123 L(0.05 - 0.15) 
alphaInfSymDSCB =  1.5849 +/- 1.2180 L(0.1 - 10) 
orderInfSymDSCB =  1.8370 +/- 2.9415 L(0.1 - 10) 
alphaSupSymDSCB =  1.6507 +/- 0.69297 L(0.1 - 10) 
orderSupSymDSCB =  10.265 +/- 12.202 L(0.1 - 40) 
