sigmaSymDSCB =  0.072440 +/- 0.0031034 L(0.03 - 0.15) 
alphaInfSymDSCB =  1.2839 +/- 0.13015 L(0.1 - 10) 
orderInfSymDSCB =  2.8316 +/- 0.79775 L(0.1 - 10) 
alphaSupSymDSCB =  1.1201 +/- 0.080086 L(0.1 - 10) 
orderSupSymDSCB =  142.74 +/- 0.0011770 L(0.1 - 200) 
