sigmaSymDSCB =  0.074380 +/- 0.0038760 L(0.05 - 0.15) 
alphaInfSymDSCB =  1.1836 +/- 0.13583 L(0.1 - 10) 
orderInfSymDSCB =  2.8757 +/- 0.61034 L(0.1 - 10) 
alphaSupSymDSCB =  1.1359 +/- 0.098966 L(0.1 - 10) 
orderSupSymDSCB =  25.037 +/- 19.407 L(0.1 - 40) 
