sigmaSymDSCB =  0.087054 +/- 0.00043510 L(0.03 - 0.15) 
alphaInfSymDSCB =  1.3368 +/- 0.016410 L(0.1 - 10) 
orderInfSymDSCB =  2.4479 +/- 0.066428 L(0.1 - 10) 
alphaSupSymDSCB =  1.4110 +/- 0.020477 L(0.1 - 10) 
orderSupSymDSCB =  11.649 +/- 0.98490 L(0.1 - 40) 
