sigmaSymDSCB =  0.083933 +/- 0.0042472 L(0.05 - 0.15) 
alphaInfSymDSCB =  1.4573 +/- 0.26852 L(0.1 - 10) 
orderInfSymDSCB =  2.0923 +/- 0.95663 L(0.1 - 10) 
alphaSupSymDSCB =  1.5602 +/- 0.15120 L(0.1 - 10) 
orderSupSymDSCB =  6.4579 +/- 2.2442 L(0.1 - 40) 
