alphaInf =  1.7240 +/- 0.029782 L(0.1 - 10) 
orderInf =  1.5378 +/- 0.069362 L(0.1 - 10) 
alphaSup =  1.8780 +/- 0.079977 L(0.1 - 10) 
orderSup =  10.011 +/- 2.8301 L(0.1 - 40) 
