sigmaSymDSCB =  0.079313 +/- 0.0035931 L(0.03 - 0.15) 
alphaInfSymDSCB =  1.3256 +/- 0.20261 L(0.1 - 10) 
orderInfSymDSCB =  2.5829 +/- 1.0139 L(0.1 - 10) 
alphaSupSymDSCB =  1.2642 +/- 0.11742 L(0.1 - 10) 
orderSupSymDSCB =  98.183 +/- 344.87 L(0.1 - 200) 
