sigmaSymDSCB =  0.085767 +/- 0.0015373 L(0.03 - 0.15) 
alphaInfSymDSCB =  1.2167 +/- 0.057826 L(0.1 - 10) 
orderInfSymDSCB =  3.2040 +/- 0.41880 L(0.1 - 10) 
alphaSupSymDSCB =  1.4181 +/- 0.079038 L(0.1 - 10) 
orderSupSymDSCB =  12.957 +/- 4.3932 L(0.1 - 1000) 
