sigmaSymDSCB =  0.086248 +/- 0.0075765 L(0.05 - 0.15) 
alphaInfSymDSCB =  1.1698 +/- 0.40828 L(0.1 - 10) 
orderInfSymDSCB =  3.0349 +/- 3.5398 L(0.1 - 10) 
alphaSupSymDSCB =  1.3260 +/- 0.24131 L(0.1 - 10) 
orderSupSymDSCB =  40.000 +/- 0.000077851 L(0.1 - 40) 
