sigmaSymDSCB =  0.080814 +/- 0.0023872 L(0.03 - 0.15) 
alphaInfSymDSCB =  1.4535 +/- 0.11980 L(0.1 - 10) 
orderInfSymDSCB =  1.9576 +/- 0.42384 L(0.01 - 10) 
alphaSupSymDSCB =  1.4382 +/- 0.11025 L(0.1 - 10) 
orderSupSymDSCB =  11.717 +/- 6.5816 L(0.1 - 200) 
