sigmaSymDSCB =  0.081376 +/- 0.0035496 L(0.05 - 0.15) 
alphaInfSymDSCB =  1.5081 +/- 0.18405 L(0.1 - 10) 
orderInfSymDSCB =  1.9199 +/- 0.54458 L(0.1 - 10) 
alphaSupSymDSCB =  1.5439 +/- 0.18370 L(0.1 - 10) 
orderSupSymDSCB =  8.4283 +/- 4.0444 L(0.1 - 40) 
