sigmaSymDSCB =  0.087547 +/- 0.0020807 L(0.03 - 0.15) 
alphaInfSymDSCB =  1.4760 +/- 0.11270 L(0.1 - 10) 
orderInfSymDSCB =  2.3697 +/- 0.53248 L(0.01 - 10) 
alphaSupSymDSCB =  2.0261 +/- 0.17220 L(0.1 - 10) 
orderSupSymDSCB =  3.5877 +/- 1.3989 L(0.1 - 200) 
