sigmaSymDSCB =  0.061256 +/- 0.0076465 L(0.03 - 0.15) 
alphaInfSymDSCB =  0.74802 +/- 0.69061 L(0.1 - 10) 
orderInfSymDSCB =  14.691 +/- 135.33 L(0.01 - 100) 
alphaSupSymDSCB =  0.98161 +/- 0.16197 L(0.1 - 10) 
orderSupSymDSCB =  140.78 +/- 79.832 L(0.1 - 200) 
