sigmaSymDSCB =  0.085082 +/- 0.0033631 L(0.05 - 0.15) 
alphaInfSymDSCB =  1.5591 +/- 0.20163 L(0.1 - 10) 
orderInfSymDSCB =  1.9326 +/- 0.62559 L(0.1 - 10) 
alphaSupSymDSCB =  1.4341 +/- 0.17081 L(0.1 - 10) 
orderSupSymDSCB =  16.000 +/- 16.465 L(0.1 - 40) 
