sigmaSymDSCB =  0.070776 +/- 0.0041524 L(0.05 - 0.15) 
alphaInfSymDSCB =  1.2763 +/- 0.14335 L(0.1 - 10) 
orderInfSymDSCB =  2.2999 +/- 0.44709 L(0.1 - 10) 
alphaSupSymDSCB =  1.1113 +/- 0.089902 L(0.1 - 10) 
orderSupSymDSCB =  40.000 +/- 0.00062376 L(0.1 - 40) 
