sigmaSymDSCB =  0.097001 +/- 0.0027229 L(0.05 - 0.15) 
alphaInfSymDSCB =  1.5661 +/- 0.14620 L(0.1 - 10) 
orderInfSymDSCB =  2.0662 +/- 0.49697 L(0.1 - 10) 
alphaSupSymDSCB =  1.5148 +/- 0.084276 L(0.1 - 10) 
orderSupSymDSCB =  40.000 +/- 0.00023734 L(0.1 - 40) 
