sigmaSymDSCB =  0.10162 +/- 0.0048657 L(0.05 - 0.15) 
alphaInfSymDSCB =  1.4595 +/- 0.28188 L(0.1 - 10) 
orderInfSymDSCB =  3.0076 +/- 1.6795 L(0.1 - 10) 
alphaSupSymDSCB =  1.5160 +/- 0.19148 L(0.1 - 10) 
orderSupSymDSCB =  19.010 +/- 20.485 L(0.1 - 40) 
