sigmaSymDSCB =  0.086286 +/- 0.0049726 L(0.05 - 0.15) 
alphaInfSymDSCB =  1.3930 +/- 0.22694 L(0.1 - 10) 
orderInfSymDSCB =  2.2891 +/- 0.85471 L(0.1 - 10) 
alphaSupSymDSCB =  2.0507 +/- 0.46487 L(0.1 - 10) 
orderSupSymDSCB =  4.4343 +/- 3.4246 L(0.1 - 40) 
