sigmaSymDSCB =  0.091611 +/- 0.0054560 L(0.05 - 0.15) 
alphaInfSymDSCB =  1.5577 +/- 0.61335 L(0.1 - 10) 
orderInfSymDSCB =  1.6982 +/- 2.0738 L(0.1 - 10) 
alphaSupSymDSCB =  1.7687 +/- 0.28248 L(0.1 - 10) 
orderSupSymDSCB =  6.6513 +/- 5.2024 L(0.1 - 40) 
