sigmaSymDSCB =  0.098274 +/- 0.0043191 L(0.05 - 0.15) 
alphaInfSymDSCB =  1.5919 +/- 0.21769 L(0.1 - 10) 
orderInfSymDSCB =  2.7071 +/- 1.0015 L(0.1 - 10) 
alphaSupSymDSCB =  1.8677 +/- 0.23121 L(0.1 - 10) 
orderSupSymDSCB =  8.1599 +/- 5.5281 L(0.1 - 40) 
