sigmaSymDSCB =  0.080298 +/- 0.0029252 L(0.05 - 0.15) 
alphaInfSymDSCB =  1.3407 +/- 0.11892 L(0.1 - 10) 
orderInfSymDSCB =  2.3880 +/- 0.42337 L(0.1 - 10) 
alphaSupSymDSCB =  1.2997 +/- 0.10142 L(0.1 - 10) 
orderSupSymDSCB =  24.866 +/- 17.741 L(0.1 - 40) 
