sigmaSymDSCB =  0.084351 +/- 0.0030740 L(0.05 - 0.15) 
alphaInfSymDSCB =  1.6067 +/- 0.15566 L(0.1 - 10) 
orderInfSymDSCB =  1.8704 +/- 0.49982 L(0.1 - 10) 
alphaSupSymDSCB =  1.5088 +/- 0.22398 L(0.1 - 10) 
orderSupSymDSCB =  35.332 +/- 80.049 L(0.1 - 40) 
