sigmaSymDSCB =  0.083573 +/- 0.0041191 L(0.05 - 0.15) 
alphaInfSymDSCB =  1.5167 +/- 0.23354 L(0.1 - 10) 
orderInfSymDSCB =  1.8501 +/- 0.67860 L(0.1 - 10) 
alphaSupSymDSCB =  1.5867 +/- 0.24534 L(0.1 - 10) 
orderSupSymDSCB =  21.359 +/- 26.821 L(0.1 - 40) 
