sigmaSymDSCB =  0.092793 +/- 0.0077860 L(0.05 - 0.15) 
alphaInfSymDSCB =  1.6163 +/- 0.46232 L(0.1 - 10) 
orderInfSymDSCB =  2.0113 +/- 1.4962 L(0.1 - 10) 
alphaSupSymDSCB =  1.4777 +/- 0.19759 L(0.1 - 10) 
orderSupSymDSCB =  40.000 +/- 0.00029498 L(0.1 - 40) 
