sigmaSymDSCB =  0.078371 +/- 0.0038467 L(0.05 - 0.15) 
alphaInfSymDSCB =  1.3344 +/- 0.13934 L(0.1 - 10) 
orderInfSymDSCB =  2.3394 +/- 0.43103 L(0.1 - 10) 
alphaSupSymDSCB =  1.2697 +/- 0.093588 L(0.1 - 10) 
orderSupSymDSCB =  40.000 +/- 0.00039390 L(0.1 - 40) 
