alphaInfSymDSCB =  1.5341 +/- 0.017043 L(0.1 - 10) 
orderInfSymDSCB =  2.0556 +/- 0.034300 L(0.1 - 10) 
alphaSupSymDSCB =  1.8626 +/- 0.064715 L(0.1 - 10) 
orderSupSymDSCB =  8.4124 +/- 1.5397 L(0.1 - 40) 
