sigmaSymDSCB =  0.081532 +/- 0.0024049 L(0.03 - 0.15) 
alphaInfSymDSCB =  1.3900 +/- 0.12557 L(0.1 - 10) 
orderInfSymDSCB =  2.5252 +/- 0.56874 L(0.01 - 10) 
alphaSupSymDSCB =  1.4921 +/- 0.10430 L(0.1 - 10) 
orderSupSymDSCB =  49.230 +/- 81.315 L(0.1 - 200) 
