sigmaSymDSCB =  0.076293 +/- 0.0080167 L(0.03 - 0.15) 
alphaInfSymDSCB =  1.1980 +/- 0.41994 L(0.1 - 10) 
orderInfSymDSCB =  3.5843 +/- 3.0998 L(0.1 - 10) 
alphaSupSymDSCB =  1.3221 +/- 0.22552 L(0.1 - 10) 
orderSupSymDSCB =  16.809 +/- 13.009 L(0.1 - 200) 
