sigmaSymDSCB =  0.088720 +/- 0.0042224 L(0.03 - 0.15) 
alphaInfSymDSCB =  1.6544 +/- 0.32565 L(0.1 - 10) 
orderInfSymDSCB =  1.5047 +/- 0.94556 L(0.1 - 10) 
alphaSupSymDSCB =  1.4928 +/- 0.14300 L(0.1 - 10) 
orderSupSymDSCB =  145.35 +/- 510.96 L(0.1 - 200) 
