sigmaSymDSCB =  0.080808 +/- 0.0048099 L(0.05 - 0.15) 
alphaInfSymDSCB =  1.0979 +/- 0.22045 L(0.1 - 10) 
orderInfSymDSCB =  4.1189 +/- 2.3875 L(0.1 - 10) 
alphaSupSymDSCB =  1.9038 +/- 0.23697 L(0.1 - 10) 
orderSupSymDSCB =  4.3124 +/- 2.2122 L(0.1 - 40) 
