sigmaSymDSCB =  0.094712 +/- 0.0036567 L(0.05 - 0.15) 
alphaInfSymDSCB =  2.1547 +/- 0.23487 L(0.1 - 10) 
orderInfSymDSCB =  0.91820 +/- 0.43980 L(0.1 - 10) 
alphaSupSymDSCB =  2.3229 +/- 0.20744 L(0.1 - 10) 
orderSupSymDSCB =  4.2846 +/- 1.7784 L(0.1 - 40) 
