alphaInf =  1.5808 +/- 0.043081 L(0.1 - 10) 
orderInf =  2.0608 +/- 0.12928 L(0.1 - 10) 
alphaSup =  1.6583 +/- 0.089482 L(0.1 - 10) 
orderSup =  17.769 +/- 8.9914 L(0.1 - 40) 
