sigmaSymDSCB =  0.078163 +/- 0.0020424 L(0.05 - 0.15) 
alphaInfSymDSCB =  1.4004 +/- 0.087722 L(0.1 - 10) 
orderInfSymDSCB =  2.1257 +/- 0.28945 L(0.1 - 10) 
alphaSupSymDSCB =  1.3393 +/- 0.087082 L(0.1 - 10) 
orderSupSymDSCB =  19.524 +/- 9.7069 L(0.1 - 40) 
