alphaInf =  1.6884 +/- 0.033999 L(0.1 - 10) 
orderInf =  1.6150 +/- 0.078748 L(0.1 - 10) 
alphaSup =  1.7090 +/- 0.17625 L(0.1 - 10) 
orderSup =  12.333 +/- 8.5867 L(0.1 - 40) 
