sigmaSymDSCB =  0.088302 +/- 0.0041291 L(0.03 - 0.15) 
alphaInfSymDSCB =  1.4080 +/- 0.18711 L(0.1 - 10) 
orderInfSymDSCB =  2.3700 +/- 0.78038 L(0.01 - 10) 
alphaSupSymDSCB =  1.6425 +/- 0.29636 L(0.1 - 10) 
orderSupSymDSCB =  7.1145 +/- 5.0321 L(0.1 - 200) 
