sigmaSymDSCB =  0.068833 +/- 0.0066050 L(0.05 - 0.15) 
alphaInfSymDSCB =  1.2342 +/- 0.16069 L(0.1 - 10) 
orderInfSymDSCB =  2.5062 +/- 0.57065 L(0.1 - 10) 
alphaSupSymDSCB =  1.0995 +/- 0.25330 L(0.1 - 10) 
orderSupSymDSCB =  16.526 +/- 17.544 L(0.1 - 40) 
