sigmaSymDSCB =  0.080150 +/- 0.0026918 L(0.03 - 0.15) 
alphaInfSymDSCB =  1.3067 +/- 0.17318 L(0.1 - 10) 
orderInfSymDSCB =  2.6026 +/- 0.94019 L(0.1 - 10) 
alphaSupSymDSCB =  1.2855 +/- 0.087918 L(0.1 - 10) 
orderSupSymDSCB =  22.711 +/- 16.822 L(0.1 - 200) 
