sigmaSymDSCB =  0.081713 +/- 0.0040506 L(0.05 - 0.15) 
alphaInfSymDSCB =  1.2391 +/- 0.14199 L(0.1 - 10) 
orderInfSymDSCB =  2.9683 +/- 0.84267 L(0.1 - 10) 
alphaSupSymDSCB =  1.4590 +/- 0.18207 L(0.1 - 10) 
orderSupSymDSCB =  19.580 +/- 20.844 L(0.1 - 40) 
