sigmaSymDSCB =  0.088020 +/- 0.0087322 L(0.03 - 0.15) 
alphaInfSymDSCB =  1.1827 +/- 0.39645 L(0.1 - 10) 
orderInfSymDSCB =  3.7043 +/- 5.7834 L(0.1 - 10) 
alphaSupSymDSCB =  1.3111 +/- 0.29093 L(0.1 - 10) 
orderSupSymDSCB =  144.85 +/- 0.0029489 L(0.1 - 200) 
