sigmaSymDSCB =  0.082131 +/- 0.0054170 L(0.05 - 0.15) 
alphaInfSymDSCB =  1.3343 +/- 0.17805 L(0.1 - 10) 
orderInfSymDSCB =  2.3668 +/- 0.64956 L(0.1 - 10) 
alphaSupSymDSCB =  1.4242 +/- 0.27900 L(0.1 - 10) 
orderSupSymDSCB =  9.6026 +/- 7.1273 L(0.1 - 40) 
