sigmaSymDSCB =  0.10010 +/- 0.0060329 L(0.05 - 0.15) 
alphaInfSymDSCB =  2.0702 +/- 0.17836 L(0.1 - 10) 
orderInfSymDSCB =  1.2068 +/- 0.56448 L(0.1 - 10) 
alphaSupSymDSCB =  1.7605 +/- 0.42682 L(0.1 - 10) 
orderSupSymDSCB =  40.000 +/- 0.00096191 L(0.1 - 40) 
