sigmaSymDSCB =  0.087060 +/- 0.0015101 L(0.03 - 0.15) 
alphaInfSymDSCB =  1.2848 +/- 0.059812 L(0.1 - 10) 
orderInfSymDSCB =  2.6057 +/- 0.29690 L(0.1 - 10) 
alphaSupSymDSCB =  1.4603 +/- 0.084163 L(0.1 - 10) 
orderSupSymDSCB =  10.668 +/- 3.6316 L(0.1 - 100) 
