sigmaSymDSCB =  0.096007 +/- 0.0027683 L(0.05 - 0.15) 
alphaInfSymDSCB =  1.5190 +/- 0.12692 L(0.1 - 10) 
orderInfSymDSCB =  1.9349 +/- 0.45563 L(0.1 - 10) 
alphaSupSymDSCB =  1.5411 +/- 0.096925 L(0.1 - 10) 
orderSupSymDSCB =  40.000 +/- 0.0010488 L(0.1 - 40) 
