sigmaSymDSCB =  0.097837 +/- 0.0070861 L(0.05 - 0.15) 
alphaInfSymDSCB =  1.2413 +/- 0.25284 L(0.1 - 10) 
orderInfSymDSCB =  3.9128 +/- 1.9567 L(0.1 - 10) 
alphaSupSymDSCB =  1.4529 +/- 0.17707 L(0.1 - 10) 
orderSupSymDSCB =  40.000 +/- 0.000024673 L(0.1 - 40) 
