sigmaSymDSCB =  0.080717 +/- 0.0021210 L(0.05 - 0.15) 
alphaInfSymDSCB =  1.4263 +/- 0.098118 L(0.1 - 10) 
orderInfSymDSCB =  1.9684 +/- 0.28060 L(0.1 - 10) 
alphaSupSymDSCB =  1.3775 +/- 0.072283 L(0.1 - 10) 
orderSupSymDSCB =  12.751 +/- 3.5442 L(0.1 - 40) 
