sigmaSymDSCB =  0.10662 +/- 0.0042117 L(0.05 - 0.15) 
alphaInfSymDSCB =  1.3758 +/- 0.15253 L(0.1 - 10) 
orderInfSymDSCB =  2.7010 +/- 0.96371 L(0.1 - 10) 
alphaSupSymDSCB =  1.4321 +/- 0.12451 L(0.1 - 10) 
orderSupSymDSCB =  40.000 +/- 0.00069397 L(0.1 - 40) 
