sigmaSymDSCB =  0.079417 +/- 0.0051789 L(0.05 - 0.15) 
alphaInfSymDSCB =  1.5508 +/- 0.34235 L(0.1 - 10) 
orderInfSymDSCB =  1.8264 +/- 0.88800 L(0.1 - 10) 
alphaSupSymDSCB =  1.4708 +/- 0.17269 L(0.1 - 10) 
orderSupSymDSCB =  10.559 +/- 7.3236 L(0.1 - 40) 
