sigmaSymDSCB =  0.098819 +/- 0.0045574 L(0.03 - 0.15) 
alphaInfSymDSCB =  1.7191 +/- 0.28247 L(0.1 - 10) 
orderInfSymDSCB =  1.3529 +/- 0.83285 L(0.1 - 10) 
alphaSupSymDSCB =  1.6181 +/- 0.36162 L(0.1 - 10) 
orderSupSymDSCB =  37.106 +/- 122.57 L(0.1 - 200) 
