sigmaSymDSCB =  0.089230 +/- 0.0053770 L(0.05 - 0.15) 
alphaInfSymDSCB =  1.4926 +/- 0.27137 L(0.1 - 10) 
orderInfSymDSCB =  2.0255 +/- 1.0379 L(0.1 - 10) 
alphaSupSymDSCB =  1.5789 +/- 0.33459 L(0.1 - 10) 
orderSupSymDSCB =  21.295 +/- 37.679 L(0.1 - 40) 
