sigmaSymDSCB =  0.091741 +/- 0.0086109 L(0.05 - 0.15) 
alphaInfSymDSCB =  1.4426 +/- 0.47470 L(0.1 - 10) 
orderInfSymDSCB =  2.3652 +/- 1.6746 L(0.1 - 10) 
alphaSupSymDSCB =  1.6271 +/- 0.17287 L(0.1 - 10) 
orderSupSymDSCB =  5.7366 +/- 2.8556 L(0.1 - 40) 
