sigmaSymDSCB =  0.072005 +/- 0.0049921 L(0.05 - 0.15) 
alphaInfSymDSCB =  1.1257 +/- 0.13798 L(0.1 - 10) 
orderInfSymDSCB =  2.3275 +/- 0.71250 L(0.1 - 10) 
alphaSupSymDSCB =  1.3026 +/- 0.24051 L(0.1 - 10) 
orderSupSymDSCB =  11.542 +/- 9.7616 L(0.1 - 40) 
