sigmaSymDSCB =  0.094296 +/- 0.0070328 L(0.05 - 0.15) 
alphaInfSymDSCB =  1.7236 +/- 0.21174 L(0.1 - 10) 
orderInfSymDSCB =  1.9929 +/- 0.73261 L(0.1 - 10) 
alphaSupSymDSCB =  1.7754 +/- 0.91912 L(0.1 - 10) 
orderSupSymDSCB =  8.8855 +/- 19.988 L(0.1 - 40) 
