sigmaSymDSCB =  0.090987 +/- 0.0040255 L(0.03 - 0.15) 
alphaInfSymDSCB =  1.4712 +/- 0.30880 L(0.1 - 10) 
orderInfSymDSCB =  2.9305 +/- 2.5999 L(0.1 - 10) 
alphaSupSymDSCB =  1.5688 +/- 0.25291 L(0.1 - 10) 
orderSupSymDSCB =  20.042 +/- 28.585 L(0.1 - 200) 
