alphaInf =  1.4595 +/- 0.022577 L(0.1 - 10) 
orderInf =  2.1161 +/- 0.066447 L(0.1 - 10) 
alphaSup =  1.4391 +/- 0.081262 L(0.1 - 10) 
orderSup =  12.861 +/- 4.5877 L(0.1 - 100) 
