sigmaSymDSCB =  0.099870 +/- 0.0032590 L(0.03 - 0.15) 
alphaInfSymDSCB =  1.6011 +/- 0.38146 L(0.1 - 10) 
orderInfSymDSCB =  2.3327 +/- 2.3200 L(0.1 - 10) 
alphaSupSymDSCB =  1.4486 +/- 0.16038 L(0.1 - 10) 
orderSupSymDSCB =  51.420 +/- 128.43 L(0.1 - 200) 
