sigmaSymDSCB =  0.086983 +/- 0.00042770 L(0.05 - 0.15) 
alphaInfSymDSCB =  1.3372 +/- 0.016186 L(0.1 - 10) 
orderInfSymDSCB =  2.4459 +/- 0.065402 L(0.1 - 10) 
alphaSupSymDSCB =  1.4107 +/- 0.020039 L(0.1 - 10) 
orderSupSymDSCB =  11.601 +/- 0.95677 L(0.1 - 40) 
