alphaInf =  1.5306 +/- 0.071682 L(0.1 - 10) 
orderInf =  2.5621 +/- 0.36409 L(0.1 - 10) 
alphaSup =  1.6641 +/- 0.076314 L(0.1 - 10) 
orderSup =  15.342 +/- 5.9086 L(0.1 - 40) 
