sigmaSymDSCB =  0.096392 +/- 0.0033325 L(0.03 - 0.15) 
alphaInfSymDSCB =  1.3603 +/- 0.15921 L(0.1 - 10) 
orderInfSymDSCB =  3.1272 +/- 1.1936 L(0.1 - 10) 
alphaSupSymDSCB =  1.4562 +/- 0.17867 L(0.1 - 10) 
orderSupSymDSCB =  17.479 +/- 18.440 L(0.1 - 1000) 
