sigmaSymDSCB =  0.096430 +/- 0.0065275 L(0.05 - 0.15) 
alphaInfSymDSCB =  1.3217 +/- 0.28771 L(0.1 - 10) 
orderInfSymDSCB =  3.4919 +/- 2.2719 L(0.1 - 10) 
alphaSupSymDSCB =  1.2506 +/- 0.13581 L(0.1 - 10) 
orderSupSymDSCB =  40.000 +/- 0.00024797 L(0.1 - 40) 
