sigmaSymDSCB =  0.083398 +/- 0.0036808 L(0.05 - 0.15) 
alphaInfSymDSCB =  1.5151 +/- 0.20460 L(0.1 - 10) 
orderInfSymDSCB =  2.0366 +/- 0.65209 L(0.1 - 10) 
alphaSupSymDSCB =  1.2559 +/- 0.12164 L(0.1 - 10) 
orderSupSymDSCB =  37.845 +/- 60.096 L(0.1 - 40) 
