sigmaSymDSCB =  0.093164 +/- 0.0024177 L(0.05 - 0.15) 
alphaInfSymDSCB =  1.7515 +/- 0.12136 L(0.1 - 10) 
orderInfSymDSCB =  1.3188 +/- 0.29364 L(0.1 - 10) 
alphaSupSymDSCB =  1.9767 +/- 0.31121 L(0.1 - 10) 
orderSupSymDSCB =  5.8317 +/- 4.6613 L(0.1 - 40) 
