sigmaSymDSCB =  0.081476 +/- 0.0037200 L(0.03 - 0.15) 
alphaInfSymDSCB =  1.2882 +/- 0.15753 L(0.1 - 10) 
orderInfSymDSCB =  3.2203 +/- 0.87850 L(0.01 - 10) 
alphaSupSymDSCB =  1.4113 +/- 0.17058 L(0.1 - 10) 
orderSupSymDSCB =  56.838 +/- 119.47 L(0.1 - 200) 
