sigmaSymDSCB =  0.088247 +/- 0.0097596 L(0.05 - 0.15) 
alphaInfSymDSCB =  1.1210 +/- 0.28179 L(0.1 - 10) 
orderInfSymDSCB =  3.7929 +/- 1.8097 L(0.1 - 10) 
alphaSupSymDSCB =  1.2064 +/- 0.16549 L(0.1 - 10) 
orderSupSymDSCB =  40.000 +/- 0.00035580 L(0.1 - 40) 
