sigmaSymDSCB =  0.075709 +/- 0.0020189 L(0.03 - 0.15) 
alphaInfSymDSCB =  1.2241 +/- 0.14731 L(0.1 - 10) 
orderInfSymDSCB =  3.2560 +/- 1.2504 L(0.1 - 10) 
alphaSupSymDSCB =  1.2567 +/- 0.076976 L(0.1 - 10) 
orderSupSymDSCB =  25.207 +/- 17.865 L(0.1 - 200) 
