sigmaSymDSCB =  0.096167 +/- 0.0073480 L(0.03 - 0.15) 
alphaInfSymDSCB =  1.5384 +/- 0.34023 L(0.1 - 10) 
orderInfSymDSCB =  1.8651 +/- 1.2654 L(0.1 - 10) 
alphaSupSymDSCB =  1.3969 +/- 0.21937 L(0.1 - 10) 
orderSupSymDSCB =  147.73 +/- 0.0040001 L(0.1 - 200) 
