sigmaSymDSCB =  0.085180 +/- 0.0077369 L(0.05 - 0.15) 
alphaInfSymDSCB =  1.1900 +/- 0.29744 L(0.1 - 10) 
orderInfSymDSCB =  4.1994 +/- 3.0121 L(0.1 - 10) 
alphaSupSymDSCB =  1.2720 +/- 0.18568 L(0.1 - 10) 
orderSupSymDSCB =  40.000 +/- 0.00026504 L(0.1 - 40) 
