sigmaSymDSCB =  0.082040 +/- 0.0028900 L(0.05 - 0.15) 
alphaInfSymDSCB =  1.5885 +/- 0.14845 L(0.1 - 10) 
orderInfSymDSCB =  1.7297 +/- 0.42077 L(0.1 - 10) 
alphaSupSymDSCB =  1.6096 +/- 0.45578 L(0.1 - 10) 
orderSupSymDSCB =  9.6145 +/- 19.978 L(0.1 - 40) 
