alphaInf =  1.3600 +/- 0.026585 L(0.1 - 10) 
orderInf =  2.4251 +/- 0.10250 L(0.1 - 10) 
alphaSup =  1.3737 +/- 0.033763 L(0.1 - 10) 
orderSup =  10.295 +/- 1.3099 L(0.1 - 100) 
