alphaInf =  1.7194 +/- 0.10467 L(0.1 - 10) 
orderInf =  1.7427 +/- 0.33428 L(0.1 - 10) 
alphaSup =  1.8507 +/- 0.094098 L(0.1 - 10) 
orderSup =  9.3834 +/- 2.8101 L(0.1 - 40) 
