alphaInf =  1.7391 +/- 0.022185 L(0.1 - 10) 
orderInf =  1.5148 +/- 0.050599 L(0.1 - 10) 
alphaSup =  1.9339 +/- 0.057206 L(0.1 - 10) 
orderSup =  7.6471 +/- 1.1978 L(0.1 - 40) 
