alphaInf =  1.6825 +/- 0.053785 L(0.1 - 10) 
orderInf =  1.8995 +/- 0.20338 L(0.1 - 10) 
alphaSup =  1.7344 +/- 0.085752 L(0.1 - 10) 
orderSup =  13.458 +/- 6.1383 L(0.1 - 40) 
