sigmaSymDSCB =  0.081335 +/- 0.0058648 L(0.03 - 0.15) 
alphaInfSymDSCB =  1.2039 +/- 0.35521 L(0.1 - 10) 
orderInfSymDSCB =  3.6072 +/- 4.1976 L(0.1 - 10) 
alphaSupSymDSCB =  1.3324 +/- 0.29458 L(0.1 - 10) 
orderSupSymDSCB =  15.154 +/- 22.241 L(0.1 - 200) 
