sigmaSymDSCB =  0.093138 +/- 0.0036800 L(0.05 - 0.15) 
alphaInfSymDSCB =  1.4390 +/- 0.17055 L(0.1 - 10) 
orderInfSymDSCB =  2.0899 +/- 0.57579 L(0.1 - 10) 
alphaSupSymDSCB =  1.4859 +/- 0.16190 L(0.1 - 10) 
orderSupSymDSCB =  16.387 +/- 15.576 L(0.1 - 40) 
