alphaInfSymDSCB =  1.4165 +/- 0.052290 L(0.1 - 10) 
orderInfSymDSCB =  2.4522 +/- 0.13457 L(0.1 - 10) 
alphaSupSymDSCB =  1.7604 +/- 0.16446 L(0.1 - 10) 
orderSupSymDSCB =  10.711 +/- 6.7025 L(0.1 - 40) 
