sigmaSymDSCB =  0.075652 +/- 0.0022944 L(0.03 - 0.15) 
alphaInfSymDSCB =  1.2476 +/- 0.13343 L(0.1 - 10) 
orderInfSymDSCB =  2.8769 +/- 0.88254 L(0.1 - 10) 
alphaSupSymDSCB =  1.2733 +/- 0.10185 L(0.1 - 10) 
orderSupSymDSCB =  12.168 +/- 6.7441 L(0.1 - 200) 
