sigmaSymDSCB =  0.078592 +/- 0.0020853 L(0.03 - 0.15) 
alphaInfSymDSCB =  1.2678 +/- 0.14630 L(0.1 - 10) 
orderInfSymDSCB =  2.8157 +/- 0.92931 L(0.1 - 10) 
alphaSupSymDSCB =  1.4546 +/- 0.080911 L(0.1 - 10) 
orderSupSymDSCB =  12.126 +/- 4.1534 L(0.1 - 200) 
