alphaInf =  1.2936 +/- 0.042327 L(0.1 - 10) 
orderInf =  2.8168 +/- 0.17718 L(0.1 - 10) 
alphaSup =  1.4508 +/- 0.16299 L(0.1 - 10) 
orderSup =  12.361 +/- 8.2912 L(0.1 - 100) 
