sigmaSymDSCB =  0.095500 +/- 0.0036715 L(0.03 - 0.15) 
alphaInfSymDSCB =  1.3374 +/- 0.32047 L(0.1 - 10) 
orderInfSymDSCB =  3.9726 +/- 3.7409 L(0.1 - 10) 
alphaSupSymDSCB =  1.4756 +/- 0.11904 L(0.1 - 10) 
orderSupSymDSCB =  49.769 +/- 122.39 L(0.1 - 200) 
