alphaInfSymDSCB =  1.2565 +/- 0.024484 L(0.1 - 10) 
orderInfSymDSCB =  2.9913 +/- 0.12235 L(0.1 - 10) 
alphaSupSymDSCB =  1.2634 +/- 0.029076 L(0.1 - 10) 
orderSupSymDSCB =  17.417 +/- 3.0496 L(0.1 - 40) 
