alphaInf =  1.5514 +/- 0.061391 L(0.1 - 10) 
orderInf =  2.1248 +/- 0.14970 L(0.1 - 10) 
alphaSup =  1.7140 +/- 0.44825 L(0.1 - 10) 
orderSup =  15.757 +/- 32.237 L(0.1 - 40) 
