alphaInfSymDSCB =  1.3525 +/- 0.010726 L(0.1 - 10) 
orderInfSymDSCB =  2.4949 +/- 0.042372 L(0.1 - 10) 
alphaSupSymDSCB =  1.3653 +/- 0.013070 L(0.1 - 10) 
orderSupSymDSCB =  13.596 +/- 0.85442 L(0.1 - 40) 
