alphaInfSymDSCB =  1.5441 +/- 0.014869 L(0.1 - 10) 
orderInfSymDSCB =  2.0340 +/- 0.029530 L(0.1 - 10) 
alphaSupSymDSCB =  1.7661 +/- 0.049464 L(0.1 - 10) 
orderSupSymDSCB =  10.186 +/- 1.7516 L(0.1 - 40) 
