sigmaSymDSCB =  0.081373 +/- 0.0032819 L(0.05 - 0.15) 
alphaInfSymDSCB =  1.4458 +/- 0.14034 L(0.1 - 10) 
orderInfSymDSCB =  2.0939 +/- 0.43323 L(0.1 - 10) 
alphaSupSymDSCB =  1.3319 +/- 0.10642 L(0.1 - 10) 
orderSupSymDSCB =  40.000 +/- 0.00011205 L(0.1 - 40) 
