sigmaSymDSCB =  0.091733 +/- 0.0027227 L(0.05 - 0.15) 
alphaInfSymDSCB =  1.6019 +/- 0.18467 L(0.1 - 10) 
orderInfSymDSCB =  1.7362 +/- 0.55768 L(0.1 - 10) 
alphaSupSymDSCB =  1.6375 +/- 0.12993 L(0.1 - 10) 
orderSupSymDSCB =  12.417 +/- 6.3762 L(0.1 - 40) 
