sigmaSymDSCB =  0.076027 +/- 0.0051153 L(0.05 - 0.15) 
alphaInfSymDSCB =  1.1637 +/- 0.13989 L(0.1 - 10) 
orderInfSymDSCB =  2.7252 +/- 0.64782 L(0.1 - 10) 
alphaSupSymDSCB =  1.2828 +/- 0.13511 L(0.1 - 10) 
orderSupSymDSCB =  40.000 +/- 0.000028754 L(0.1 - 40) 
