sigmaSymDSCB =  0.078836 +/- 0.0035846 L(0.05 - 0.15) 
alphaInfSymDSCB =  1.4150 +/- 0.16445 L(0.1 - 10) 
orderInfSymDSCB =  2.0566 +/- 0.47536 L(0.1 - 10) 
alphaSupSymDSCB =  1.4306 +/- 0.16453 L(0.1 - 10) 
orderSupSymDSCB =  9.9210 +/- 6.4034 L(0.1 - 40) 
