sigmaSymDSCB =  0.095376 +/- 0.0058548 L(0.05 - 0.15) 
alphaInfSymDSCB =  1.2694 +/- 0.26215 L(0.1 - 10) 
orderInfSymDSCB =  3.5993 +/- 2.0512 L(0.1 - 10) 
alphaSupSymDSCB =  1.3086 +/- 0.16842 L(0.1 - 10) 
orderSupSymDSCB =  26.415 +/- 32.303 L(0.1 - 40) 
