sigmaSymDSCB =  0.063302 +/- 0.0088922 L(0.05 - 0.15) 
alphaInfSymDSCB =  0.92182 +/- 0.28801 L(0.1 - 10) 
orderInfSymDSCB =  4.5760 +/- 3.8448 L(0.1 - 10) 
alphaSupSymDSCB =  1.0464 +/- 0.18498 L(0.1 - 10) 
orderSupSymDSCB =  40.000 +/- 0.000068568 L(0.1 - 40) 
