sigmaSymDSCB =  0.090135 +/- 0.0053099 L(0.03 - 0.15) 
alphaInfSymDSCB =  1.5321 +/- 0.31256 L(0.1 - 10) 
orderInfSymDSCB =  1.7400 +/- 1.1982 L(0.1 - 10) 
alphaSupSymDSCB =  1.7895 +/- 0.39113 L(0.1 - 10) 
orderSupSymDSCB =  5.3628 +/- 4.6560 L(0.1 - 200) 
