sigmaSymDSCB =  0.079136 +/- 0.0022005 L(0.05 - 0.15) 
alphaInfSymDSCB =  1.3424 +/- 0.094924 L(0.1 - 10) 
orderInfSymDSCB =  2.2165 +/- 0.33828 L(0.1 - 10) 
alphaSupSymDSCB =  1.2450 +/- 0.053078 L(0.1 - 10) 
orderSupSymDSCB =  40.000 +/- 0.00028745 L(0.1 - 40) 
