alphaPar =  1.2115 +/- 0.037097 L(0.1 - 10) 
orderPar =  10.0000 +/- 0.0010190 L(0.1 - 10) 
resFraction =  0.49433 +/- 0.015426 L(0.01 - 1) 
normFraction =  0.28280 +/- 0.045083 L(0.01 - 1) 
