alphaPar =  1.8047 +/-  (-0.0029528, 0.0029939) L(0.1 - 10) 
orderPar =  1.5612 +/-  (-0.0071386, 0.0070791) L(0.1 - 10) 
resFraction =  0.41350 +/-  (-0.00042640, 0.00042563) L(0.01 - 1) 
normFraction =  0.17223 +/-  (-0.00070714, 0.00071397) L(0.01 - 1) 
