alphaPar =  1.6653 +/-  (-0.0017312, 0.0017743) L(0.1 - 10) 
orderPar =  1.9447 +/-  (-0.0054901, 0.0053662) L(0.1 - 10) 
resFraction =  0.47434 +/-  (-0.00029796, 0.00029997) L(0.01 - 1) 
normFraction =  0.22731 +/-  (-0.00077588, 0.00078838) L(0.01 - 1) 
