sigmaVoigtian =  0.062272 +/- 0.0065124 L(0.03 - 0.15) 
widthVoigtian =  0.090009 +/- 0.0040082 L(0.03 - 0.15) 
