sigmaVoigtian =  0.070871 +/- 0.0090357 L(0.03 - 0.15) 
widthVoigtian =  0.071086 +/- 0.0061207 L(0.03 - 0.15) 
