sigmaVoigtian =  0.062396 +/- 0.0038965 L(0.03 - 0.15) 
widthVoigtian =  0.072035 +/- 0.0022849 L(0.03 - 0.15) 
