sigmaVoigtian =  0.072498 +/- 0.0060130 L(0.03 - 0.15) 
widthVoigtian =  0.083667 +/- 0.0037946 L(0.03 - 0.15) 
