sigmaVoigtian =  0.067288 +/- 0.0083565 L(0.03 - 0.15) 
widthVoigtian =  0.071153 +/- 0.0050205 L(0.03 - 0.15) 
