sigmaVoigtian =  0.074843 +/- 0.010429 L(0.03 - 0.15) 
widthVoigtian =  0.070807 +/- 0.0066189 L(0.03 - 0.15) 
