sigmaVoigtian =  0.076525 +/- 0.0049987 L(0.03 - 0.15) 
widthVoigtian =  0.080106 +/- 0.0030626 L(0.03 - 0.15) 
