sigmaVoigtian =  0.060109 +/- 0.0074101 L(0.03 - 0.15) 
widthVoigtian =  0.097252 +/- 0.0045129 L(0.03 - 0.15) 
