sigmaVoigtian =  0.057750 +/- 0.0079681 L(0.03 - 0.15) 
widthVoigtian =  0.084699 +/- 0.0044894 L(0.03 - 0.15) 
