sigmaVoigtian =  0.067373 +/- 0.0047202 L(0.03 - 0.15) 
widthVoigtian =  0.066361 +/- 0.0031863 L(0.03 - 0.15) 
