sigmaVoigtian =  0.054473 +/- 0.0090352 L(0.03 - 0.15) 
widthVoigtian =  0.086064 +/- 0.0054312 L(0.03 - 0.15) 
