sigmaVoigtian =  0.063405 +/- 0.0029487 L(0.03 - 0.15) 
widthVoigtian =  0.069529 +/- 0.0019186 L(0.03 - 0.15) 
