sigmaVoigtian =  0.053476 +/- 0.0085284 L(0.03 - 0.15) 
widthVoigtian =  0.084695 +/- 0.0051442 L(0.03 - 0.15) 
