sigmaVoigtian =  0.081660 +/- 0.0087322 L(0.03 - 0.15) 
widthVoigtian =  0.071259 +/- 0.0054684 L(0.03 - 0.15) 
