sigmaVoigtian =  0.055163 +/- 0.0029761 L(0.03 - 0.15) 
widthVoigtian =  0.070881 +/- 0.0018389 L(0.03 - 0.15) 
