sigmaVoigtian =  0.070914 +/- 0.0034501 L(0.03 - 0.15) 
widthVoigtian =  0.067003 +/- 0.0021674 L(0.03 - 0.15) 
