sigmaVoigtian =  0.069155 +/- 0.0043236 L(0.03 - 0.15) 
widthVoigtian =  0.065589 +/- 0.0028241 L(0.03 - 0.15) 
