sigmaVoigtian =  0.055650 +/- 0.0090752 L(0.03 - 0.15) 
widthVoigtian =  0.085736 +/- 0.0055382 L(0.03 - 0.15) 
