sigmaVoigtian =  0.041688 +/- 0.011017 L(0.03 - 0.15) 
widthVoigtian =  0.090032 +/- 0.0066447 L(0.03 - 0.15) 
