sigmaVoigtian =  0.059641 +/- 0.0030212 L(0.03 - 0.15) 
widthVoigtian =  0.070096 +/- 0.0018961 L(0.03 - 0.15) 
