sigmaVoigtian =  0.064618 +/- 0.0040713 L(0.03 - 0.15) 
widthVoigtian =  0.067330 +/- 0.0026414 L(0.03 - 0.15) 
