sigmaVoigtian =  0.065938 +/- 0.0039989 L(0.03 - 0.15) 
widthVoigtian =  0.067267 +/- 0.0026398 L(0.03 - 0.15) 
