sigmaVoigtian =  0.054878 +/- 0.010634 L(0.03 - 0.15) 
widthVoigtian =  0.089294 +/- 0.0066199 L(0.03 - 0.15) 
