sigmaVoigtian =  0.073019 +/- 0.0096892 L(0.03 - 0.15) 
widthVoigtian =  0.073264 +/- 0.0058930 L(0.03 - 0.15) 
