sigmaVoigtian =  0.069338 +/- 0.012189 L(0.03 - 0.15) 
widthVoigtian =  0.067639 +/- 0.0071668 L(0.03 - 0.15) 
