sigmaVoigtian =  0.067499 +/- 0.0019822 L(0.03 - 0.15) 
widthVoigtian =  0.074282 +/- 0.0012462 L(0.03 - 0.15) 
