sigmaVoigtian =  0.066049 +/- 0.0084458 L(0.03 - 0.15) 
widthVoigtian =  0.077946 +/- 0.0047033 L(0.03 - 0.15) 
