sigmaVoigtian =  0.076019 +/- 0.010355 L(0.03 - 0.15) 
widthVoigtian =  0.069390 +/- 0.0065969 L(0.03 - 0.15) 
