sigmaVoigtian =  0.046724 +/- 0.013680 L(0.03 - 0.15) 
widthVoigtian =  0.091184 +/- 0.0091687 L(0.03 - 0.15) 
