sigmaVoigtian =  0.071277 +/- 0.0099203 L(0.03 - 0.15) 
widthVoigtian =  0.073055 +/- 0.0064207 L(0.03 - 0.15) 
