sigmaVoigtian =  0.054620 +/- 0.0084134 L(0.03 - 0.15) 
widthVoigtian =  0.079864 +/- 0.0047293 L(0.03 - 0.15) 
