sigmaVoigtian =  0.051892 +/- 0.015661 L(0.03 - 0.15) 
widthVoigtian =  0.081691 +/- 0.0094186 L(0.03 - 0.15) 
