sigmaVoigtian =  0.068082 +/- 0.0075767 L(0.03 - 0.15) 
widthVoigtian =  0.084444 +/- 0.0047093 L(0.03 - 0.15) 
