sigmaVoigtian =  0.064023 +/- 0.0081699 L(0.03 - 0.15) 
widthVoigtian =  0.073519 +/- 0.0051486 L(0.03 - 0.15) 
