sigmaVoigtian =  0.061464 +/- 0.0042844 L(0.03 - 0.15) 
widthVoigtian =  0.074327 +/- 0.0025025 L(0.03 - 0.15) 
