sigmaVoigtian =  0.061897 +/- 0.0032037 L(0.03 - 0.15) 
widthVoigtian =  0.070208 +/- 0.0019873 L(0.03 - 0.15) 
