sigmaVoigtian =  0.055607 +/- 0.0087825 L(0.03 - 0.15) 
widthVoigtian =  0.084944 +/- 0.0054554 L(0.03 - 0.15) 
