sigmaVoigtian =  0.053671 +/- 0.012725 L(0.03 - 0.15) 
widthVoigtian =  0.076690 +/- 0.0075970 L(0.03 - 0.15) 
