sigmaVoigtian =  0.070417 +/- 0.0062871 L(0.03 - 0.15) 
widthVoigtian =  0.088307 +/- 0.0037929 L(0.03 - 0.15) 
