sigmaVoigtian =  0.066312 +/- 0.0036076 L(0.03 - 0.15) 
widthVoigtian =  0.070333 +/- 0.0022969 L(0.03 - 0.15) 
