sigmaVoigtian =  0.066114 +/- 0.0087301 L(0.03 - 0.15) 
widthVoigtian =  0.073044 +/- 0.0051104 L(0.03 - 0.15) 
