sigmaVoigtian =  0.067748 +/- 0.0081693 L(0.03 - 0.15) 
widthVoigtian =  0.070604 +/- 0.0047429 L(0.03 - 0.15) 
