sigmaVoigtian =  0.064708 +/- 0.0088452 L(0.03 - 0.15) 
widthVoigtian =  0.078973 +/- 0.0051375 L(0.03 - 0.15) 
