sigmaVoigtian =  0.054209 +/- 0.0038022 L(0.03 - 0.15) 
widthVoigtian =  0.076396 +/- 0.0023202 L(0.03 - 0.15) 
