sigmaVoigtian =  0.065899 +/- 0.0088444 L(0.03 - 0.15) 
widthVoigtian =  0.077746 +/- 0.0058412 L(0.03 - 0.15) 
