sigmaVoigtian =  0.067850 +/- 0.0041123 L(0.03 - 0.15) 
widthVoigtian =  0.063648 +/- 0.0026312 L(0.03 - 0.15) 
