sigmaVoigtian =  0.067565 +/- 0.0095520 L(0.03 - 0.15) 
widthVoigtian =  0.073927 +/- 0.0061068 L(0.03 - 0.15) 
