sigmaVoigtian =  0.069631 +/- 0.010681 L(0.03 - 0.15) 
widthVoigtian =  0.076244 +/- 0.0062901 L(0.03 - 0.15) 
