sigmaVoigtian =  0.065626 +/- 0.0092441 L(0.03 - 0.15) 
widthVoigtian =  0.078242 +/- 0.0060649 L(0.03 - 0.15) 
