sigmaVoigtian =  0.076853 +/- 0.0091093 L(0.03 - 0.15) 
widthVoigtian =  0.070128 +/- 0.0060782 L(0.03 - 0.15) 
