sigmaVoigtian =  0.066646 +/- 0.0089393 L(0.03 - 0.15) 
widthVoigtian =  0.066090 +/- 0.0061024 L(0.03 - 0.15) 
