sigmaVoigtian =  0.061764 +/- 0.0067954 L(0.03 - 0.15) 
widthVoigtian =  0.097311 +/- 0.0040430 L(0.03 - 0.15) 
