sigmaVoigtian =  0.066796 +/- 0.012117 L(0.03 - 0.15) 
widthVoigtian =  0.079378 +/- 0.0074768 L(0.03 - 0.15) 
