sigmaVoigtian =  0.061115 +/- 0.014071 L(0.03 - 0.15) 
widthVoigtian =  0.082973 +/- 0.0091485 L(0.03 - 0.15) 
