sigmaVoigtian =  0.071921 +/- 0.0070758 L(0.03 - 0.15) 
widthVoigtian =  0.094099 +/- 0.0042051 L(0.03 - 0.15) 
