sigmaVoigtian =  0.060880 +/- 0.0089341 L(0.03 - 0.15) 
widthVoigtian =  0.085172 +/- 0.0052314 L(0.03 - 0.15) 
