sigmaVoigtian =  0.071006 +/- 0.0058391 L(0.03 - 0.15) 
widthVoigtian =  0.082484 +/- 0.0035098 L(0.03 - 0.15) 
