sigmaVoigtian =  0.057032 +/- 0.0083113 L(0.03 - 0.15) 
widthVoigtian =  0.073558 +/- 0.0053926 L(0.03 - 0.15) 
