sigmaVoigtian =  0.066523 +/- 0.0073795 L(0.03 - 0.15) 
widthVoigtian =  0.086418 +/- 0.0045957 L(0.03 - 0.15) 
