sigmaVoigtian =  0.080727 +/- 0.011590 L(0.03 - 0.15) 
widthVoigtian =  0.066170 +/- 0.0081870 L(0.03 - 0.15) 
