sigmaVoigtian =  0.068732 +/- 0.0086264 L(0.03 - 0.15) 
widthVoigtian =  0.075028 +/- 0.0048076 L(0.03 - 0.15) 
