sigmaVoigtian =  0.064395 +/- 0.0041668 L(0.03 - 0.15) 
widthVoigtian =  0.064165 +/- 0.0027549 L(0.03 - 0.15) 
