sigmaVoigtian =  0.075057 +/- 0.017535 L(0.03 - 0.15) 
widthVoigtian =  0.080066 +/- 0.010170 L(0.03 - 0.15) 
