sigmaVoigtian =  0.069907 +/- 0.0094510 L(0.03 - 0.15) 
widthVoigtian =  0.074398 +/- 0.0060158 L(0.03 - 0.15) 
