sigmaVoigtian =  0.070244 +/- 0.0092816 L(0.03 - 0.15) 
widthVoigtian =  0.081652 +/- 0.0053770 L(0.03 - 0.15) 
