sigmaVoigtian =  0.070230 +/- 0.0085025 L(0.03 - 0.15) 
widthVoigtian =  0.090816 +/- 0.0050204 L(0.03 - 0.15) 
