sigmaVoigtian =  0.066227 +/- 0.0041280 L(0.03 - 0.15) 
widthVoigtian =  0.066288 +/- 0.0026651 L(0.03 - 0.15) 
