sigmaVoigtian =  0.073585 +/- 0.010620 L(0.03 - 0.15) 
widthVoigtian =  0.074963 +/- 0.0068269 L(0.03 - 0.15) 
