sigmaVoigtian =  0.059427 +/- 0.0082323 L(0.03 - 0.15) 
widthVoigtian =  0.080170 +/- 0.0050559 L(0.03 - 0.15) 
