sigmaVoigtian =  0.061684 +/- 0.0056822 L(0.03 - 0.15) 
widthVoigtian =  0.084220 +/- 0.0034927 L(0.03 - 0.15) 
