sigmaVoigtian =  0.083977 +/- 0.011937 L(0.03 - 0.15) 
widthVoigtian =  0.069541 +/- 0.0087089 L(0.03 - 0.15) 
