sigmaVoigtian =  0.061560 +/- 0.0044224 L(0.03 - 0.15) 
widthVoigtian =  0.066909 +/- 0.0029188 L(0.03 - 0.15) 
