sigmaVoigtian =  0.068129 +/- 0.0097311 L(0.03 - 0.15) 
widthVoigtian =  0.068827 +/- 0.0059166 L(0.03 - 0.15) 
