sigmaVoigtian =  0.057429 +/- 0.0031004 L(0.03 - 0.15) 
widthVoigtian =  0.070729 +/- 0.0019807 L(0.03 - 0.15) 
