sigmaVoigtian =  0.072256 +/- 0.0056479 L(0.03 - 0.15) 
widthVoigtian =  0.079222 +/- 0.0035395 L(0.03 - 0.15) 
