sigmaVoigtian =  0.078150 +/- 0.010278 L(0.03 - 0.15) 
widthVoigtian =  0.076254 +/- 0.0066544 L(0.03 - 0.15) 
