sigmaVoigtian =  0.087558 +/- 0.013777 L(0.03 - 0.15) 
widthVoigtian =  0.076949 +/- 0.0097762 L(0.03 - 0.15) 
