sigmaVoigtian =  0.062214 +/- 0.014026 L(0.03 - 0.15) 
widthVoigtian =  0.076937 +/- 0.0080017 L(0.03 - 0.15) 
