sigmaVoigtian =  0.081507 +/- 0.0091011 L(0.03 - 0.15) 
widthVoigtian =  0.066370 +/- 0.0062407 L(0.03 - 0.15) 
