sigmaVoigtian =  0.066472 +/- 0.0085997 L(0.03 - 0.15) 
widthVoigtian =  0.073319 +/- 0.0059865 L(0.03 - 0.15) 
