sigmaVoigtian =  0.067599 +/- 0.0031223 L(0.03 - 0.15) 
widthVoigtian =  0.067107 +/- 0.0020505 L(0.03 - 0.15) 
