sigmaVoigtian =  0.083501 +/- 0.010380 L(0.03 - 0.15) 
widthVoigtian =  0.064282 +/- 0.0071617 L(0.03 - 0.15) 
