sigmaVoigtian =  0.075506 +/- 0.0050387 L(0.03 - 0.15) 
widthVoigtian =  0.077348 +/- 0.0032306 L(0.03 - 0.15) 
