sigmaVoigtian =  0.067877 +/- 0.0051910 L(0.03 - 0.15) 
widthVoigtian =  0.083347 +/- 0.0030498 L(0.03 - 0.15) 
