sigmaVoigtian =  0.075292 +/- 0.010790 L(0.03 - 0.15) 
widthVoigtian =  0.070009 +/- 0.0072998 L(0.03 - 0.15) 
