sigmaVoigtian =  0.056439 +/- 0.0039164 L(0.03 - 0.15) 
widthVoigtian =  0.068707 +/- 0.0025211 L(0.03 - 0.15) 
