sigmaVoigtian =  0.067455 +/- 0.0080266 L(0.03 - 0.15) 
widthVoigtian =  0.078425 +/- 0.0043793 L(0.03 - 0.15) 
