sigmaVoigtian =  0.059337 +/- 0.0075775 L(0.03 - 0.15) 
widthVoigtian =  0.089465 +/- 0.0045252 L(0.03 - 0.15) 
