sigmaVoigtian =  0.063481 +/- 0.0099660 L(0.03 - 0.15) 
widthVoigtian =  0.083984 +/- 0.0058026 L(0.03 - 0.15) 
