sigmaVoigtian =  0.069013 +/- 0.0059036 L(0.03 - 0.15) 
widthVoigtian =  0.084817 +/- 0.0035464 L(0.03 - 0.15) 
