sigmaVoigtian =  0.073898 +/- 0.0063848 L(0.03 - 0.15) 
widthVoigtian =  0.081826 +/- 0.0040964 L(0.03 - 0.15) 
