sigmaVoigtian =  0.059398 +/- 0.013976 L(0.03 - 0.15) 
widthVoigtian =  0.083162 +/- 0.0081553 L(0.03 - 0.15) 
