sigmaVoigtian =  0.073525 +/- 0.0034352 L(0.03 - 0.15) 
widthVoigtian =  0.065378 +/- 0.0023052 L(0.03 - 0.15) 
