sigmaVoigtian =  0.058935 +/- 0.0041611 L(0.03 - 0.15) 
widthVoigtian =  0.074863 +/- 0.0026066 L(0.03 - 0.15) 
