sigmaVoigtian =  0.060236 +/- 0.0059521 L(0.03 - 0.15) 
widthVoigtian =  0.090647 +/- 0.0037135 L(0.03 - 0.15) 
