sigmaVoigtian =  0.069882 +/- 0.0029310 L(0.03 - 0.15) 
widthVoigtian =  0.065726 +/- 0.0019250 L(0.03 - 0.15) 
