sigmaVoigtian =  0.067640 +/- 0.0035044 L(0.03 - 0.15) 
widthVoigtian =  0.069289 +/- 0.0022405 L(0.03 - 0.15) 
