sigmaVoigtian =  0.054072 +/- 0.0081416 L(0.03 - 0.15) 
widthVoigtian =  0.084486 +/- 0.0050240 L(0.03 - 0.15) 
