sigmaVoigtian =  0.059088 +/- 0.0053834 L(0.03 - 0.15) 
widthVoigtian =  0.087037 +/- 0.0033570 L(0.03 - 0.15) 
