sigmaVoigtian =  0.061689 +/- 0.0085972 L(0.03 - 0.15) 
widthVoigtian =  0.072960 +/- 0.0048889 L(0.03 - 0.15) 
