sigmaVoigtian =  0.082936 +/- 0.0033956 L(0.03 - 0.15) 
widthVoigtian =  0.058719 +/- 0.0023533 L(0.03 - 0.15) 
