sigmaVoigtian =  0.083296 +/- 0.0051341 L(0.03 - 0.15) 
widthVoigtian =  0.075497 +/- 0.0032736 L(0.03 - 0.15) 
