sigmaVoigtian =  0.060002 +/- 0.0068799 L(0.03 - 0.15) 
widthVoigtian =  0.092724 +/- 0.0039866 L(0.03 - 0.15) 
