sigmaVoigtian =  0.071412 +/- 0.0030719 L(0.03 - 0.15) 
widthVoigtian =  0.063945 +/- 0.0020598 L(0.03 - 0.15) 
