sigmaVoigtian =  0.077784 +/- 0.0092609 L(0.03 - 0.15) 
widthVoigtian =  0.077428 +/- 0.0056541 L(0.03 - 0.15) 
