sigmaVoigtian =  0.065641 +/- 0.0090287 L(0.03 - 0.15) 
widthVoigtian =  0.073926 +/- 0.0056499 L(0.03 - 0.15) 
