sigmaVoigtian =  0.065478 +/- 0.0028334 L(0.03 - 0.15) 
widthVoigtian =  0.065812 +/- 0.0018242 L(0.03 - 0.15) 
