sigmaVoigtian =  0.073611 +/- 0.010079 L(0.03 - 0.15) 
widthVoigtian =  0.079311 +/- 0.0062805 L(0.03 - 0.15) 
