sigmaVoigtian =  0.066968 +/- 0.013162 L(0.03 - 0.15) 
widthVoigtian =  0.075626 +/- 0.0075287 L(0.03 - 0.15) 
