sigmaVoigtian =  0.064518 +/- 0.0041469 L(0.03 - 0.15) 
widthVoigtian =  0.063937 +/- 0.0029010 L(0.03 - 0.15) 
