sigmaVoigtian =  0.066317 +/- 0.0028219 L(0.03 - 0.15) 
widthVoigtian =  0.063429 +/- 0.0018465 L(0.03 - 0.15) 
