sigmaVoigtian =  0.052181 +/- 0.016747 L(0.03 - 0.15) 
widthVoigtian =  0.074952 +/- 0.011490 L(0.03 - 0.15) 
