sigmaVoigtian =  0.074448 +/- 0.0036176 L(0.03 - 0.15) 
widthVoigtian =  0.064161 +/- 0.0024402 L(0.03 - 0.15) 
