sigmaVoigtian =  0.064015 +/- 0.0076212 L(0.03 - 0.15) 
widthVoigtian =  0.070782 +/- 0.0045289 L(0.03 - 0.15) 
