sigmaVoigtian =  0.068660 +/- 0.0084221 L(0.03 - 0.15) 
widthVoigtian =  0.068896 +/- 0.0055188 L(0.03 - 0.15) 
