sigmaVoigtian =  0.078624 +/- 0.0083163 L(0.03 - 0.15) 
widthVoigtian =  0.064991 +/- 0.0053681 L(0.03 - 0.15) 
