sigmaVoigtian =  0.076827 +/- 0.0050042 L(0.03 - 0.15) 
widthVoigtian =  0.077311 +/- 0.0031936 L(0.03 - 0.15) 
