sigmaVoigtian =  0.049343 +/- 0.0079430 L(0.03 - 0.15) 
widthVoigtian =  0.088694 +/- 0.0044428 L(0.03 - 0.15) 
