sigmaVoigtian =  0.061663 +/- 0.0087074 L(0.03 - 0.15) 
widthVoigtian =  0.079778 +/- 0.0052970 L(0.03 - 0.15) 
