sigmaVoigtian =  0.062730 +/- 0.015702 L(0.03 - 0.15) 
widthVoigtian =  0.077413 +/- 0.0098292 L(0.03 - 0.15) 
