sigmaVoigtian =  0.051832 +/- 0.0071549 L(0.03 - 0.15) 
widthVoigtian =  0.094249 +/- 0.0045534 L(0.03 - 0.15) 
