yield1S =  303.92 +/- 43.367 L(0 - 6444) 
yield2S =  0.000099901 +/- 13.074 L(0 - 6444) 
yield3S =  0.000032056 +/- 7.9785 L(0 - 6444) 
