yield1S =  304.14 +/- 38.288 L(0 - 6398) 
yield2S =  0.019269 +/- 25.426 L(0 - 6398) 
yield3S =  0.072356 +/- 53.395 L(0 - 6398) 
