yield1S =  53.157 +/- 9.8536 L(0 - 429) 
yield2S =  0.00000010741 +/- 2.9007 L(0 - 429) 
yield3S =  0.000025966 +/- 1.5954 L(0 - 429) 
