yield1S =  206.61 +/- 22.795 L(0 - 2692) 
yield2S =  0.0000082190 +/- 30.974 L(0 - 673) 
yield3S =  0.0022725 +/- 45.504 L(0 - 269) 
