yield1S =  480.84 +/- 57.993 L(0 - 28565) 
yield2S =  0.012521 +/- 34.488 L(0 - 7141) 
yield3S =  0.0099079 +/- 18.532 L(0 - 2856) 
