yield1S =  1009.6 +/- 2.0145 L(0 - 9946) 
yield2S =  232.44 +/- 0.73784 L(0 - 9946) 
yield3S =  206.21 +/- 0.72202 L(0 - 9946) 
