yield1S =  57.464 +/- 12.389 L(0 - 723) 
yield2S =  0.00025891 +/- 4.7621 L(0 - 180) 
yield3S =  0.00012128 +/- 9.9297 L(0 - 72) 
