yield1S =  382.61 +/- 37.996 L(0 - 11469) 
yield2S =  0.00032878 +/- 22.581 L(0 - 2867) 
yield3S =  0.000028707 +/- 8.0590 L(0 - 1146) 
