yield1S =  216.47 +/- 30.018 L(0 - 2692) 
yield2S =  0.0010448 +/- 55.130 L(0 - 2692) 
yield3S =  0.000042648 +/- 86.397 L(0 - 2692) 
