yield1S =  228.62 +/- 65.593 L(0 - 28249) 
yield2S =  0.00022651 +/- 23.298 L(0 - 7062) 
yield3S =  0.042073 +/- 26.804 L(0 - 2824) 
