yield1S =  326.79 +/- 34.464 L(0 - 6444) 
yield2S =  0.000050581 +/- 17.470 L(0 - 1611) 
yield3S =  0.000000073354 +/- 8.5680 L(0 - 644) 
