yield1S =  61.635 +/- 11.348 L(0 - 504) 
yield2S =  0.00012411 +/- 3.7226 L(0 - 504) 
yield3S =  0.000015385 +/- 4.7381 L(0 - 504) 
