yield1S =  108.69 +/- 27.476 L(0 - 5010) 
yield2S =  0.019389 +/- 83.761 L(0 - 1252) 
yield3S =  0.000023081 +/- 4.4132 L(0 - 501) 
