yield1S =  211.60 +/- 26.411 L(0 - 4104) 
yield2S =  0.36523 +/- 107.74 L(0 - 1026) 
yield3S =  0.00000053203 +/- 31.761 L(0 - 410) 
