yield1S =  207.98 +/- 33.310 L(0 - 4104) 
yield2S =  0.0070451 +/- 10.289 L(0 - 4104) 
yield3S =  0.000027539 +/- 27.863 L(0 - 4104) 
