err_mu =  7.2431 +/- 0.057590 L(2 - 15) 
err_sigma =  0.92535 +/- 0.10324 L(0.1 - 5) 
exp_lambda =  1.5166 +/- 0.040313 L(0 - 10) 
mean_1S =  9.4536 +/- 0.0087030 L(9.4 - 9.5) 
yield1S =  449.57 +/- 35.751 L(0 - 10276) 
yield2S =  22.870 +/- 21.572 L(0 - 10276) 
yield3S =  35.083 +/- 19.450 L(0 - 10276) 
yieldBkg =  9768.4 +/- 108.40 L(0 - 10276) 
