err_mu =  7.1666 +/- 0.031531 L(2 - 15) 
err_sigma =  0.89241 +/- 0.057996 L(0.1 - 5) 
exp_lambda =  1.5241 +/- 0.021792 L(0 - 10) 
mean_1S =  9.4422 +/- 0.0040644 L(9.4 - 9.5) 
yield1S =  1636.1 +/- 65.065 L(0 - 35197) 
yield2S =  187.72 +/- 39.450 L(0 - 35197) 
yield3S =  59.989 +/- 34.328 L(0 - 35197) 
yieldBkg =  33311 +/- 198.90 L(0 - 35197) 
