lambdaJohnson =  0.091264 +/- 0.0034399 L(0.001 - 5) 
gammaJohnson =  0.35958 +/- 0.026621 L(-5 - 5) 
deltaJohnson =  1.0840 +/- 0.029519 L(0.01 - 10) 
