lambdaJohnson =  0.093967 +/- 0.0038226 L(0.001 - 5) 
gammaJohnson =  0.38018 +/- 0.029680 L(-5 - 5) 
deltaJohnson =  1.0787 +/- 0.032526 L(0.01 - 10) 
