lambdaJohnson =  0.10125 +/- 0.0047951 L(0.001 - 5) 
gammaJohnson =  0.33773 +/- 0.036317 L(-5 - 5) 
deltaJohnson =  1.1640 +/- 0.041273 L(0.01 - 10) 
