lambdaJohnson =  0.091528 +/- 0.0034937 L(0.001 - 5) 
gammaJohnson =  0.39021 +/- 0.026539 L(-5 - 5) 
deltaJohnson =  1.0694 +/- 0.029696 L(0.01 - 10) 
