lambdaJohnson =  0.10732 +/- 0.0053550 L(0.001 - 5) 
gammaJohnson =  0.29349 +/- 0.037053 L(-5 - 5) 
deltaJohnson =  1.1696 +/- 0.042937 L(0.01 - 10) 
