lambdaJohnson =  0.11033 +/- 0.0054761 L(0.001 - 5) 
gammaJohnson =  0.36248 +/- 0.039328 L(-5 - 5) 
deltaJohnson =  1.1993 +/- 0.045310 L(0.01 - 10) 
