lambdaJohnson =  0.12263 +/- 0.0080155 L(0.001 - 5) 
gammaJohnson =  0.25556 +/- 0.057086 L(-5 - 5) 
deltaJohnson =  1.3048 +/- 0.064704 L(0.01 - 10) 
