lambdaJohnson =  0.092245 +/- 0.0035882 L(0.001 - 5) 
gammaJohnson =  0.40225 +/- 0.027668 L(-5 - 5) 
deltaJohnson =  1.0811 +/- 0.031044 L(0.01 - 10) 
