lambdaJohnson =  0.099982 +/- 0.0043745 L(0.001 - 5) 
gammaJohnson =  0.30752 +/- 0.031806 L(-5 - 5) 
deltaJohnson =  1.1183 +/- 0.036759 L(0.01 - 10) 
