lambdaJohnson =  0.12781 +/- 0.0094375 L(0.001 - 5) 
gammaJohnson =  0.40772 +/- 0.064188 L(-5 - 5) 
deltaJohnson =  1.3316 +/- 0.078137 L(0.01 - 10) 
