lambdaJohnson =  0.098148 +/- 0.0040528 L(0.001 - 5) 
gammaJohnson =  0.36773 +/- 0.030412 L(-5 - 5) 
deltaJohnson =  1.1338 +/- 0.034649 L(0.01 - 10) 
