lambdaJohnson =  0.12280 +/- 0.0083314 L(0.001 - 5) 
gammaJohnson =  0.40419 +/- 0.058801 L(-5 - 5) 
deltaJohnson =  1.2942 +/- 0.068333 L(0.01 - 10) 
