lambdaJohnson =  0.094129 +/- 0.0041384 L(0.001 - 5) 
gammaJohnson =  0.33435 +/- 0.029344 L(-5 - 5) 
deltaJohnson =  1.0619 +/- 0.034356 L(0.01 - 10) 
