lambdaJohnson =  0.10087 +/- 0.0043846 L(0.001 - 5) 
gammaJohnson =  0.39813 +/- 0.032447 L(-5 - 5) 
deltaJohnson =  1.1056 +/- 0.036132 L(0.01 - 10) 
