lambdaJohnson =  0.10496 +/- 0.0054152 L(0.001 - 5) 
gammaJohnson =  0.36064 +/- 0.035437 L(-5 - 5) 
deltaJohnson =  1.1403 +/- 0.043228 L(0.01 - 10) 
