lambdaJohnson =  0.088896 +/- 0.0033529 L(0.001 - 5) 
gammaJohnson =  0.34193 +/- 0.026284 L(-5 - 5) 
deltaJohnson =  1.0539 +/- 0.028856 L(0.01 - 10) 
