lambdaJohnson =  0.096084 +/- 0.0045399 L(0.001 - 5) 
gammaJohnson =  0.33384 +/- 0.034694 L(-5 - 5) 
deltaJohnson =  1.0748 +/- 0.037435 L(0.01 - 10) 
