lambdaJohnson =  0.10149 +/- 0.0046847 L(0.001 - 5) 
gammaJohnson =  0.35724 +/- 0.039647 L(-5 - 5) 
deltaJohnson =  1.1691 +/- 0.042083 L(0.01 - 10) 
