lambdaJohnson =  0.10613 +/- 0.0051133 L(0.001 - 5) 
gammaJohnson =  0.39142 +/- 0.038199 L(-5 - 5) 
deltaJohnson =  1.2268 +/- 0.044825 L(0.01 - 10) 
