lambdaJohnson =  0.10591 +/- 0.0048838 L(0.001 - 5) 
gammaJohnson =  0.39529 +/- 0.038875 L(-5 - 5) 
deltaJohnson =  1.2152 +/- 0.042804 L(0.01 - 10) 
