lambdaJohnson =  0.10261 +/- 0.0046111 L(0.001 - 5) 
gammaJohnson =  0.29946 +/- 0.030365 L(-5 - 5) 
deltaJohnson =  1.1182 +/- 0.036675 L(0.01 - 10) 
