lambdaJohnson =  0.12566 +/- 0.0086559 L(0.001 - 5) 
gammaJohnson =  0.40150 +/- 0.070048 L(-5 - 5) 
deltaJohnson =  1.3331 +/- 0.075551 L(0.01 - 10) 
