lambdaJohnson =  0.093976 +/- 0.0039449 L(0.001 - 5) 
gammaJohnson =  0.35810 +/- 0.030775 L(-5 - 5) 
deltaJohnson =  1.0866 +/- 0.034609 L(0.01 - 10) 
