lambdaJohnson =  0.092485 +/- 0.0041065 L(0.001 - 5) 
gammaJohnson =  0.30368 +/- 0.029268 L(-5 - 5) 
deltaJohnson =  1.0452 +/- 0.034125 L(0.01 - 10) 
