sigmaSymDSCB =  0.083664 +/- 0.0026377 L(0.03 - 0.15) 
alphaInfSymDSCB =  1.4317 +/- 0.12828 L(0.1 - 10) 
orderInfSymDSCB =  2.5963 +/- 0.61564 L(0.1 - 20) 
alphaSupSymDSCB =  1.4018 +/- 0.12117 L(0.1 - 10) 
orderSupSymDSCB =  8.6123 +/- 3.7664 L(0.1 - 200) 
