sigmaSymDSCB =  0.073494 +/- 0.0023893 L(0.03 - 0.15) 
alphaInfSymDSCB =  1.1159 +/- 0.081476 L(0.1 - 10) 
orderInfSymDSCB =  3.8343 +/- 0.63497 L(0.1 - 20) 
alphaSupSymDSCB =  1.1835 +/- 0.056035 L(0.1 - 10) 
orderSupSymDSCB =  143.88 +/- 74.568 L(0.1 - 200) 
