sigmaSymDSCB =  0.076701 +/- 0.0025636 L(0.03 - 0.15) 
alphaInfSymDSCB =  1.1610 +/- 0.10140 L(0.1 - 10) 
orderInfSymDSCB =  3.3306 +/- 0.61628 L(0.1 - 20) 
alphaSupSymDSCB =  1.3065 +/- 0.081690 L(0.1 - 10) 
orderSupSymDSCB =  10.521 +/- 3.6194 L(0.1 - 200) 
