sigmaSymDSCB =  0.074097 +/- 0.0036812 L(0.03 - 0.15) 
alphaInfSymDSCB =  1.1192 +/- 0.12052 L(0.1 - 10) 
orderInfSymDSCB =  3.0641 +/- 0.60353 L(0.1 - 20) 
alphaSupSymDSCB =  1.1945 +/- 0.096369 L(0.1 - 10) 
orderSupSymDSCB =  13.069 +/- 4.9333 L(0.1 - 200) 
