sigmaSymDSCB =  0.079642 +/- 0.0034510 L(0.03 - 0.15) 
alphaInfSymDSCB =  1.4036 +/- 0.13188 L(0.1 - 10) 
orderInfSymDSCB =  2.5443 +/- 0.58852 L(0.1 - 20) 
alphaSupSymDSCB =  1.2645 +/- 0.16028 L(0.1 - 10) 
orderSupSymDSCB =  39.421 +/- 73.445 L(0.1 - 200) 
