sigmaSymDSCB =  0.077961 +/- 0.0050226 L(0.03 - 0.15) 
alphaInfSymDSCB =  1.1226 +/- 0.13618 L(0.1 - 10) 
orderInfSymDSCB =  3.1373 +/- 0.68163 L(0.1 - 20) 
alphaSupSymDSCB =  1.2389 +/- 0.17293 L(0.1 - 10) 
orderSupSymDSCB =  27.090 +/- 29.922 L(0.1 - 200) 
