sigmaSymDSCB =  0.077392 +/- 0.00091010 L(0.03 - 0.15) 
alphaInfSymDSCB =  1.2496 +/- 0.031895 L(0.1 - 10) 
orderInfSymDSCB =  2.7651 +/- 0.15162 L(0.1 - 20) 
alphaSupSymDSCB =  1.2270 +/- 0.034304 L(0.1 - 10) 
orderSupSymDSCB =  18.570 +/- 4.2920 L(0.1 - 200) 
