sigmaSymDSCB =  0.080622 +/- 0.0061040 L(0.03 - 0.15) 
alphaInfSymDSCB =  1.1613 +/- 0.21580 L(0.1 - 10) 
orderInfSymDSCB =  3.3441 +/- 1.2076 L(0.1 - 20) 
alphaSupSymDSCB =  1.3215 +/- 0.17472 L(0.1 - 10) 
orderSupSymDSCB =  12.906 +/- 7.0758 L(0.1 - 200) 
