sigmaSymDSCB =  0.070913 +/- 0.0077137 L(0.03 - 0.15) 
alphaInfSymDSCB =  1.0981 +/- 0.19159 L(0.1 - 10) 
orderInfSymDSCB =  3.5519 +/- 0.94641 L(0.1 - 20) 
alphaSupSymDSCB =  1.1093 +/- 0.23651 L(0.1 - 10) 
orderSupSymDSCB =  32.850 +/- 54.819 L(0.1 - 200) 
