sigmaSymDSCB =  0.078056 +/- 0.0028945 L(0.03 - 0.15) 
alphaInfSymDSCB =  1.0395 +/- 0.086569 L(0.1 - 10) 
orderInfSymDSCB =  4.2839 +/- 0.84911 L(0.1 - 20) 
alphaSupSymDSCB =  1.3695 +/- 0.11064 L(0.1 - 10) 
orderSupSymDSCB =  12.898 +/- 6.3340 L(0.1 - 200) 
