sigmaSymDSCB =  0.097169 +/- 0.0050774 L(0.03 - 0.15) 
alphaInfSymDSCB =  1.4039 +/- 0.27785 L(0.1 - 10) 
orderInfSymDSCB =  2.7504 +/- 1.4373 L(0.1 - 20) 
alphaSupSymDSCB =  1.5250 +/- 0.19824 L(0.1 - 10) 
orderSupSymDSCB =  16.555 +/- 15.490 L(0.1 - 200) 
