sigmaSymDSCB =  0.091042 +/- 0.0023493 L(0.03 - 0.15) 
alphaInfSymDSCB =  1.7266 +/- 0.19407 L(0.1 - 10) 
orderInfSymDSCB =  1.6472 +/- 0.56493 L(0.1 - 20) 
alphaSupSymDSCB =  2.0725 +/- 0.17265 L(0.1 - 10) 
orderSupSymDSCB =  3.3453 +/- 1.1855 L(0.1 - 200) 
