sigmaSymDSCB =  0.079996 +/- 0.0038894 L(0.03 - 0.15) 
alphaInfSymDSCB =  1.1792 +/- 0.10782 L(0.1 - 10) 
orderInfSymDSCB =  3.4056 +/- 0.65498 L(0.1 - 20) 
alphaSupSymDSCB =  1.2550 +/- 0.15036 L(0.1 - 10) 
orderSupSymDSCB =  27.475 +/- 32.102 L(0.1 - 200) 
