sigmaSymDSCB =  0.077850 +/- 0.0031461 L(0.03 - 0.15) 
alphaInfSymDSCB =  1.1696 +/- 0.097805 L(0.1 - 10) 
orderInfSymDSCB =  2.8634 +/- 0.46723 L(0.1 - 20) 
alphaSupSymDSCB =  1.2687 +/- 0.11320 L(0.1 - 10) 
orderSupSymDSCB =  20.756 +/- 14.344 L(0.1 - 200) 
