sigmaSymDSCB =  0.081291 +/- 0.0017381 L(0.03 - 0.15) 
alphaInfSymDSCB =  1.0418 +/- 0.072983 L(0.1 - 10) 
orderInfSymDSCB =  4.2599 +/- 0.85805 L(0.1 - 20) 
alphaSupSymDSCB =  1.1793 +/- 0.00000000001899 L(0.1 - 10) 
orderSupSymDSCB =  145.79 +/- 188.55 L(0.1 - 200) 
