sigmaSymDSCB =  0.077127 +/- 0.0028246 L(0.03 - 0.15) 
alphaInfSymDSCB =  1.3463 +/- 0.10124 L(0.1 - 10) 
orderInfSymDSCB =  2.3309 +/- 0.36532 L(0.1 - 20) 
alphaSupSymDSCB =  1.2167 +/- 0.10160 L(0.1 - 10) 
orderSupSymDSCB =  31.113 +/- 26.523 L(0.1 - 200) 
