sigmaSymDSCB =  0.075157 +/- 0.0033714 L(0.03 - 0.15) 
alphaInfSymDSCB =  1.0782 +/- 0.088118 L(0.1 - 10) 
orderInfSymDSCB =  3.2312 +/- 0.50519 L(0.1 - 20) 
alphaSupSymDSCB =  1.0989 +/- 0.097048 L(0.1 - 10) 
orderSupSymDSCB =  30.942 +/- 27.310 L(0.1 - 200) 
