sigmaSymDSCB =  0.074967 +/- 0.0042352 L(0.03 - 0.15) 
alphaInfSymDSCB =  1.1492 +/- 0.12876 L(0.1 - 10) 
orderInfSymDSCB =  3.2321 +/- 0.75271 L(0.1 - 20) 
alphaSupSymDSCB =  1.1653 +/- 0.13586 L(0.1 - 10) 
orderSupSymDSCB =  22.883 +/- 20.743 L(0.1 - 200) 
