sigmaSymDSCB =  0.078576 +/- 0.0020526 L(0.03 - 0.15) 
alphaInfSymDSCB =  1.3357 +/- 0.080910 L(0.1 - 10) 
orderInfSymDSCB =  2.5298 +/- 0.35604 L(0.1 - 20) 
alphaSupSymDSCB =  1.4339 +/- 0.11315 L(0.1 - 10) 
orderSupSymDSCB =  10.061 +/- 4.4944 L(0.1 - 200) 
