sigmaSymDSCB =  0.083629 +/- 0.0025839 L(0.03 - 0.15) 
alphaInfSymDSCB =  1.2013 +/- 0.088141 L(0.1 - 10) 
orderInfSymDSCB =  3.3112 +/- 0.61716 L(0.1 - 20) 
alphaSupSymDSCB =  1.3418 +/- 0.11120 L(0.1 - 10) 
orderSupSymDSCB =  19.884 +/- 14.795 L(0.1 - 200) 
