sigmaSymDSCB =  0.086703 +/- 0.0052312 L(0.03 - 0.15) 
alphaInfSymDSCB =  1.2740 +/- 0.21981 L(0.1 - 10) 
orderInfSymDSCB =  3.2170 +/- 1.3327 L(0.1 - 20) 
alphaSupSymDSCB =  1.2780 +/- 0.12762 L(0.1 - 10) 
orderSupSymDSCB =  146.89 +/- 428.75 L(0.1 - 200) 
