sigmaSymDSCB =  0.088737 +/- 0.0033085 L(0.03 - 0.15) 
alphaInfSymDSCB =  1.3109 +/- 0.12351 L(0.1 - 10) 
orderInfSymDSCB =  3.0615 +/- 0.71521 L(0.1 - 20) 
alphaSupSymDSCB =  1.4732 +/- 0.17252 L(0.1 - 10) 
orderSupSymDSCB =  12.045 +/- 7.5662 L(0.1 - 200) 
