sigmaSymDSCB =  0.078616 +/- 0.0043099 L(0.03 - 0.15) 
alphaInfSymDSCB =  1.1857 +/- 0.095334 L(0.1 - 10) 
orderInfSymDSCB =  3.0394 +/- 0.48754 L(0.1 - 20) 
alphaSupSymDSCB =  1.1264 +/- 0.10390 L(0.1 - 10) 
orderSupSymDSCB =  141.09 +/- 0.00036061 L(0.1 - 200) 
