sigmaSymDSCB =  0.074982 +/- 0.0019042 L(0.03 - 0.15) 
alphaInfSymDSCB =  1.2318 +/- 0.063230 L(0.1 - 10) 
orderInfSymDSCB =  2.7814 +/- 0.32650 L(0.1 - 20) 
alphaSupSymDSCB =  1.2054 +/- 0.083732 L(0.1 - 10) 
orderSupSymDSCB =  31.927 +/- 32.222 L(0.1 - 200) 
