sigmaSymDSCB =  0.082988 +/- 0.0036007 L(0.03 - 0.15) 
alphaInfSymDSCB =  1.3139 +/- 0.14330 L(0.1 - 10) 
orderInfSymDSCB =  3.0525 +/- 0.76001 L(0.1 - 20) 
alphaSupSymDSCB =  1.3774 +/- 0.16341 L(0.1 - 10) 
orderSupSymDSCB =  39.155 +/- 70.370 L(0.1 - 200) 
