sigmaSymDSCB =  0.10199 +/- 0.0014493 L(0.03 - 0.15) 
alphaInfSymDSCB =  1.4957 +/- 0.075751 L(0.1 - 10) 
orderInfSymDSCB =  2.4219 +/- 0.35328 L(0.1 - 20) 
alphaSupSymDSCB =  1.6033 +/- 0.082588 L(0.1 - 10) 
orderSupSymDSCB =  24.531 +/- 14.414 L(0.1 - 200) 
