sigmaSymDSCB =  0.086739 +/- 0.0010906 L(0.03 - 0.15) 
alphaInfSymDSCB =  1.4180 +/- 0.051847 L(0.1 - 10) 
orderInfSymDSCB =  2.6501 +/- 0.25358 L(0.1 - 20) 
alphaSupSymDSCB =  1.5010 +/- 0.060229 L(0.1 - 10) 
orderSupSymDSCB =  17.976 +/- 6.6126 L(0.1 - 200) 
