sigmaSymDSCB =  0.10151 +/- 0.0017424 L(0.03 - 0.15) 
alphaInfSymDSCB =  1.4086 +/- 0.075989 L(0.1 - 10) 
orderInfSymDSCB =  2.6244 +/- 0.39345 L(0.1 - 20) 
alphaSupSymDSCB =  1.4519 +/- 0.078361 L(0.1 - 10) 
orderSupSymDSCB =  63.541 +/- 92.729 L(0.1 - 200) 
