sigmaSymDSCB =  0.096588 +/- 0.0035595 L(0.03 - 0.15) 
alphaInfSymDSCB =  1.4160 +/- 0.14484 L(0.1 - 10) 
orderInfSymDSCB =  3.0388 +/- 0.95700 L(0.1 - 20) 
alphaSupSymDSCB =  1.7978 +/- 0.28190 L(0.1 - 10) 
orderSupSymDSCB =  5.1335 +/- 3.2670 L(0.1 - 200) 
