sigmaSymDSCB =  0.071398 +/- 0.0022878 L(0.03 - 0.15) 
alphaInfSymDSCB =  1.0412 +/- 0.063235 L(0.1 - 10) 
orderInfSymDSCB =  3.4122 +/- 0.46218 L(0.1 - 20) 
alphaSupSymDSCB =  1.1585 +/- 0.072203 L(0.1 - 10) 
orderSupSymDSCB =  11.511 +/- 3.7517 L(0.1 - 200) 
