sigmaSymDSCB =  0.093792 +/- 0.0032921 L(0.03 - 0.15) 
alphaInfSymDSCB =  1.3497 +/- 0.15223 L(0.1 - 10) 
orderInfSymDSCB =  3.3333 +/- 1.0158 L(0.1 - 20) 
alphaSupSymDSCB =  1.5581 +/- 0.16533 L(0.1 - 10) 
orderSupSymDSCB =  11.815 +/- 7.1946 L(0.1 - 200) 
