sigmaSymDSCB =  0.083578 +/- 0.0050426 L(0.03 - 0.15) 
alphaInfSymDSCB =  1.0482 +/- 0.11934 L(0.1 - 10) 
orderInfSymDSCB =  4.2835 +/- 1.0349 L(0.1 - 20) 
alphaSupSymDSCB =  1.5051 +/- 0.29035 L(0.1 - 10) 
orderSupSymDSCB =  12.148 +/- 11.453 L(0.1 - 200) 
