sigmaSymDSCB =  0.084122 +/- 0.0060078 L(0.03 - 0.15) 
alphaInfSymDSCB =  1.1637 +/- 0.17834 L(0.1 - 10) 
orderInfSymDSCB =  4.0347 +/- 1.2691 L(0.1 - 20) 
alphaSupSymDSCB =  1.1839 +/- 0.16393 L(0.1 - 10) 
orderSupSymDSCB =  18.898 +/- 14.812 L(0.1 - 200) 
