sigmaSymDSCB =  0.094938 +/- 0.0023919 L(0.03 - 0.15) 
alphaInfSymDSCB =  1.3367 +/- 0.10044 L(0.1 - 10) 
orderInfSymDSCB =  3.6551 +/- 0.86265 L(0.1 - 20) 
alphaSupSymDSCB =  1.5789 +/- 0.17313 L(0.1 - 10) 
orderSupSymDSCB =  24.890 +/- 32.683 L(0.1 - 200) 
