sigmaSymDSCB =  0.083393 +/- 0.0039956 L(0.03 - 0.15) 
alphaInfSymDSCB =  1.2046 +/- 0.14706 L(0.1 - 10) 
orderInfSymDSCB =  3.6033 +/- 1.0769 L(0.1 - 20) 
alphaSupSymDSCB =  1.4148 +/- 0.17107 L(0.1 - 10) 
orderSupSymDSCB =  8.7272 +/- 5.1958 L(0.1 - 200) 
