sigmaSymDSCB =  0.079820 +/- 0.00098072 L(0.03 - 0.15) 
alphaInfSymDSCB =  1.2689 +/- 0.035736 L(0.1 - 10) 
orderInfSymDSCB =  2.7674 +/- 0.17106 L(0.1 - 20) 
alphaSupSymDSCB =  1.3501 +/- 0.043536 L(0.1 - 10) 
orderSupSymDSCB =  12.711 +/- 2.4751 L(0.1 - 200) 
