sigmaSymDSCB =  0.082165 +/- 0.0024881 L(0.03 - 0.15) 
alphaInfSymDSCB =  1.3850 +/- 0.096594 L(0.1 - 10) 
orderInfSymDSCB =  2.2673 +/- 0.38210 L(0.1 - 20) 
alphaSupSymDSCB =  1.3541 +/- 0.13209 L(0.1 - 10) 
orderSupSymDSCB =  20.822 +/- 18.956 L(0.1 - 200) 
