sigmaSymDSCB =  0.10132 +/- 0.0014602 L(0.03 - 0.15) 
alphaInfSymDSCB =  1.4902 +/- 0.058629 L(0.1 - 10) 
orderInfSymDSCB =  2.5760 +/- 0.31892 L(0.1 - 20) 
alphaSupSymDSCB =  1.5665 +/- 0.10650 L(0.1 - 10) 
orderSupSymDSCB =  17.844 +/- 12.090 L(0.1 - 200) 
