sigmaSymDSCB =  0.095963 +/- 0.0017876 L(0.03 - 0.15) 
alphaInfSymDSCB =  1.2606 +/- 0.061416 L(0.1 - 10) 
orderInfSymDSCB =  3.6416 +/- 0.48843 L(0.1 - 20) 
alphaSupSymDSCB =  1.3416 +/- 0.061740 L(0.1 - 10) 
orderSupSymDSCB =  140.76 +/- 299.37 L(0.1 - 200) 
