sigmaSymDSCB =  0.077330 +/- 0.0024945 L(0.03 - 0.15) 
alphaInfSymDSCB =  1.2267 +/- 0.082419 L(0.1 - 10) 
orderInfSymDSCB =  2.5434 +/- 0.37298 L(0.1 - 20) 
alphaSupSymDSCB =  1.2097 +/- 0.088179 L(0.1 - 10) 
orderSupSymDSCB =  24.184 +/- 17.881 L(0.1 - 200) 
