sigmaSymDSCB =  0.083170 +/- 0.0010876 L(0.03 - 0.15) 
alphaInfSymDSCB =  1.4204 +/- 0.051086 L(0.1 - 10) 
orderInfSymDSCB =  2.3855 +/- 0.19917 L(0.1 - 20) 
alphaSupSymDSCB =  1.4070 +/- 0.050005 L(0.1 - 10) 
orderSupSymDSCB =  21.917 +/- 7.4035 L(0.1 - 200) 
