sigmaSymDSCB =  0.075409 +/- 0.0039399 L(0.03 - 0.15) 
alphaInfSymDSCB =  1.1738 +/- 0.10654 L(0.1 - 10) 
orderInfSymDSCB =  2.8328 +/- 0.46121 L(0.1 - 20) 
alphaSupSymDSCB =  1.0816 +/- 0.081409 L(0.1 - 10) 
orderSupSymDSCB =  143.21 +/- 0.000041082 L(0.1 - 200) 
