sigmaSymDSCB =  0.077186 +/- 0.0025193 L(0.03 - 0.15) 
alphaInfSymDSCB =  1.3559 +/- 0.11053 L(0.1 - 10) 
orderInfSymDSCB =  2.3332 +/- 0.43544 L(0.1 - 20) 
alphaSupSymDSCB =  1.3896 +/- 0.11426 L(0.1 - 10) 
orderSupSymDSCB =  13.778 +/- 6.9875 L(0.1 - 200) 
