sigmaSymDSCB =  0.077804 +/- 0.0037149 L(0.03 - 0.15) 
alphaInfSymDSCB =  1.2530 +/- 0.13660 L(0.1 - 10) 
orderInfSymDSCB =  3.0671 +/- 0.72100 L(0.1 - 20) 
alphaSupSymDSCB =  1.2563 +/- 0.11737 L(0.1 - 10) 
orderSupSymDSCB =  10.119 +/- 4.8848 L(0.1 - 200) 
