sigmaSymDSCB =  0.084408 +/- 0.0021781 L(0.03 - 0.15) 
alphaInfSymDSCB =  1.2510 +/- 0.071667 L(0.1 - 10) 
orderInfSymDSCB =  2.7158 +/- 0.38355 L(0.1 - 20) 
alphaSupSymDSCB =  1.2634 +/- 0.085164 L(0.1 - 10) 
orderSupSymDSCB =  62.939 +/- 113.01 L(0.1 - 200) 
