sigmaSymDSCB =  0.088827 +/- 0.0014126 L(0.03 - 0.15) 
alphaInfSymDSCB =  1.3727 +/- 0.059695 L(0.1 - 10) 
orderInfSymDSCB =  2.8038 +/- 0.30703 L(0.1 - 20) 
alphaSupSymDSCB =  1.4694 +/- 0.076329 L(0.1 - 10) 
orderSupSymDSCB =  23.931 +/- 14.748 L(0.1 - 200) 
