sigmaSymDSCB =  0.083946 +/- 0.0032995 L(0.03 - 0.15) 
alphaInfSymDSCB =  1.4115 +/- 0.19612 L(0.1 - 10) 
orderInfSymDSCB =  2.6216 +/- 0.96175 L(0.1 - 20) 
alphaSupSymDSCB =  1.6300 +/- 0.17422 L(0.1 - 10) 
orderSupSymDSCB =  7.2282 +/- 3.8339 L(0.1 - 200) 
