sigmaSymDSCB =  0.079162 +/- 0.0030620 L(0.03 - 0.15) 
alphaInfSymDSCB =  1.0947 +/- 0.091962 L(0.1 - 10) 
orderInfSymDSCB =  4.9480 +/- 1.1559 L(0.1 - 20) 
alphaSupSymDSCB =  1.3871 +/- 0.15049 L(0.1 - 10) 
orderSupSymDSCB =  10.146 +/- 5.1863 L(0.1 - 200) 
