sigmaSymDSCB =  0.086065 +/- 0.0046773 L(0.03 - 0.15) 
alphaInfSymDSCB =  1.4415 +/- 0.19632 L(0.1 - 10) 
orderInfSymDSCB =  2.4428 +/- 0.78048 L(0.1 - 20) 
alphaSupSymDSCB =  1.5156 +/- 0.29843 L(0.1 - 10) 
orderSupSymDSCB =  20.976 +/- 31.778 L(0.1 - 200) 
