sigmaSymDSCB =  0.086703 +/- 0.0029055 L(0.03 - 0.15) 
alphaInfSymDSCB =  1.3173 +/- 0.10231 L(0.1 - 10) 
orderInfSymDSCB =  2.8683 +/- 0.57069 L(0.1 - 20) 
alphaSupSymDSCB =  1.3933 +/- 0.15853 L(0.1 - 10) 
orderSupSymDSCB =  22.559 +/- 26.851 L(0.1 - 200) 
