sigmaSymDSCB =  0.080302 +/- 0.00000015226 L(0.03 - 0.15) 
alphaInfSymDSCB =  1.2105 +/- 0.0000035015 L(0.1 - 10) 
orderInfSymDSCB =  2.9343 +/- 0.000025543 L(0.1 - 20) 
alphaSupSymDSCB =  1.1527 +/- 0.0020051 L(0.1 - 10) 
orderSupSymDSCB =  145.46 +/- 0.0000090083 L(0.1 - 200) 
