sigmaSymDSCB =  0.078213 +/- 0.0010904 L(0.03 - 0.15) 
alphaInfSymDSCB =  1.3109 +/- 0.042747 L(0.1 - 10) 
orderInfSymDSCB =  2.6541 +/- 0.20467 L(0.1 - 20) 
alphaSupSymDSCB =  1.3147 +/- 0.047880 L(0.1 - 10) 
orderSupSymDSCB =  14.853 +/- 3.8511 L(0.1 - 200) 
