sigmaSymDSCB =  0.087440 +/- 0.0016252 L(0.03 - 0.15) 
alphaInfSymDSCB =  1.7214 +/- 0.093335 L(0.1 - 10) 
orderInfSymDSCB =  1.6803 +/- 0.28275 L(0.1 - 20) 
alphaSupSymDSCB =  1.5754 +/- 0.11242 L(0.1 - 10) 
orderSupSymDSCB =  11.361 +/- 5.6579 L(0.1 - 200) 
