sigmaSymDSCB =  0.074524 +/- 0.0015977 L(0.03 - 0.15) 
alphaInfSymDSCB =  1.1700 +/- 0.049241 L(0.1 - 10) 
orderInfSymDSCB =  3.4014 +/- 0.29425 L(0.1 - 20) 
alphaSupSymDSCB =  1.1246 +/- 0.049732 L(0.1 - 10) 
orderSupSymDSCB =  46.924 +/- 32.522 L(0.1 - 200) 
