sigmaSymDSCB =  0.084140 +/- 0.0030378 L(0.03 - 0.15) 
alphaInfSymDSCB =  1.3849 +/- 0.12329 L(0.1 - 10) 
orderInfSymDSCB =  2.2969 +/- 0.45844 L(0.1 - 20) 
alphaSupSymDSCB =  1.3422 +/- 0.13201 L(0.1 - 10) 
orderSupSymDSCB =  37.061 +/- 53.944 L(0.1 - 200) 
