sigmaSymDSCB =  0.076081 +/- 0.0030659 L(0.03 - 0.15) 
alphaInfSymDSCB =  1.1200 +/- 0.10681 L(0.1 - 10) 
orderInfSymDSCB =  4.2240 +/- 0.98843 L(0.1 - 20) 
alphaSupSymDSCB =  1.2783 +/- 0.10414 L(0.1 - 10) 
orderSupSymDSCB =  8.2132 +/- 2.7577 L(0.1 - 200) 
