sigmaSymDSCB =  0.095950 +/- 0.0049996 L(0.03 - 0.15) 
alphaInfSymDSCB =  1.6083 +/- 0.29783 L(0.1 - 10) 
orderInfSymDSCB =  2.0129 +/- 1.0983 L(0.1 - 20) 
alphaSupSymDSCB =  2.0009 +/- 0.51805 L(0.1 - 10) 
orderSupSymDSCB =  4.5601 +/- 4.8292 L(0.1 - 200) 
