sigmaSymDSCB =  0.097119 +/- 0.0022200 L(0.03 - 0.15) 
alphaInfSymDSCB =  1.2582 +/- 0.073552 L(0.1 - 10) 
orderInfSymDSCB =  4.6071 +/- 0.84938 L(0.1 - 20) 
alphaSupSymDSCB =  1.3247 +/- 0.089466 L(0.1 - 10) 
orderSupSymDSCB =  31.900 +/- 33.857 L(0.1 - 200) 
