sigmaSymDSCB =  0.085580 +/- 0.0018847 L(0.03 - 0.15) 
alphaInfSymDSCB =  1.4937 +/- 0.10203 L(0.1 - 10) 
orderInfSymDSCB =  1.9520 +/- 0.37218 L(0.1 - 20) 
alphaSupSymDSCB =  1.5318 +/- 0.10557 L(0.1 - 10) 
orderSupSymDSCB =  8.9476 +/- 4.4003 L(0.1 - 200) 
