sigmaSymDSCB =  0.10040 +/- 0.0019321 L(0.03 - 0.15) 
alphaInfSymDSCB =  1.5502 +/- 0.12385 L(0.1 - 10) 
orderInfSymDSCB =  2.5429 +/- 0.62101 L(0.1 - 20) 
alphaSupSymDSCB =  1.8852 +/- 0.13488 L(0.1 - 10) 
orderSupSymDSCB =  6.2637 +/- 2.6324 L(0.1 - 200) 
