sigmaSymDSCB =  0.088351 +/- 0.0023889 L(0.03 - 0.15) 
alphaInfSymDSCB =  1.3100 +/- 0.084586 L(0.1 - 10) 
orderInfSymDSCB =  2.8666 +/- 0.47378 L(0.1 - 20) 
alphaSupSymDSCB =  1.2346 +/- 0.087297 L(0.1 - 10) 
orderSupSymDSCB =  18.961 +/- 11.725 L(0.1 - 200) 
