sigmaSymDSCB =  0.077881 +/- 0.0033814 L(0.03 - 0.15) 
alphaInfSymDSCB =  1.0714 +/- 0.091724 L(0.1 - 10) 
orderInfSymDSCB =  4.2389 +/- 0.84176 L(0.1 - 20) 
alphaSupSymDSCB =  1.1964 +/- 0.11742 L(0.1 - 10) 
orderSupSymDSCB =  29.401 +/- 30.775 L(0.1 - 200) 
