sigmaSymDSCB =  0.10002 +/- 0.0018317 L(0.03 - 0.15) 
alphaInfSymDSCB =  1.3894 +/- 0.078121 L(0.1 - 10) 
orderInfSymDSCB =  3.0220 +/- 0.49383 L(0.1 - 20) 
alphaSupSymDSCB =  1.6233 +/- 0.11461 L(0.1 - 10) 
orderSupSymDSCB =  7.6372 +/- 2.8470 L(0.1 - 200) 
