sigmaSymDSCB =  0.085048 +/- 0.0020340 L(0.03 - 0.15) 
alphaInfSymDSCB =  1.3186 +/- 0.086738 L(0.1 - 10) 
orderInfSymDSCB =  2.7862 +/- 0.46337 L(0.1 - 20) 
alphaSupSymDSCB =  1.3141 +/- 0.083425 L(0.1 - 10) 
orderSupSymDSCB =  73.137 +/- 159.39 L(0.1 - 200) 
