sigmaSymDSCB =  0.090062 +/- 0.0021640 L(0.03 - 0.15) 
alphaInfSymDSCB =  1.0902 +/- 0.059228 L(0.1 - 10) 
orderInfSymDSCB =  4.6469 +/- 0.68365 L(0.1 - 20) 
alphaSupSymDSCB =  1.2040 +/- 0.043331 L(0.1 - 10) 
orderSupSymDSCB =  145.96 +/- 21.397 L(0.1 - 200) 
