sigmaSymDSCB =  0.077011 +/- 0.00093676 L(0.03 - 0.15) 
alphaInfSymDSCB =  1.2440 +/- 0.033990 L(0.1 - 10) 
orderInfSymDSCB =  2.9020 +/- 0.17035 L(0.1 - 20) 
alphaSupSymDSCB =  1.2376 +/- 0.035611 L(0.1 - 10) 
orderSupSymDSCB =  28.163 +/- 9.6979 L(0.1 - 200) 
