sigmaSymDSCB =  0.099373 +/- 0.0031392 L(0.03 - 0.15) 
alphaInfSymDSCB =  1.5379 +/- 0.18044 L(0.1 - 10) 
orderInfSymDSCB =  2.5308 +/- 0.85654 L(0.1 - 20) 
alphaSupSymDSCB =  1.7614 +/- 0.30280 L(0.1 - 10) 
orderSupSymDSCB =  24.067 +/- 50.538 L(0.1 - 200) 
