sigmaSymDSCB =  0.074635 +/- 0.0059421 L(0.03 - 0.15) 
alphaInfSymDSCB =  1.1227 +/- 0.19804 L(0.1 - 10) 
orderInfSymDSCB =  3.3544 +/- 1.0391 L(0.1 - 20) 
alphaSupSymDSCB =  1.1352 +/- 0.14571 L(0.1 - 10) 
orderSupSymDSCB =  91.958 +/- 259.24 L(0.1 - 200) 
