sigmaSymDSCB =  0.079459 +/- 0.0012627 L(0.03 - 0.15) 
alphaInfSymDSCB =  1.3043 +/- 0.046656 L(0.1 - 10) 
orderInfSymDSCB =  2.9203 +/- 0.24503 L(0.1 - 20) 
alphaSupSymDSCB =  1.4298 +/- 0.070042 L(0.1 - 10) 
orderSupSymDSCB =  11.828 +/- 3.2481 L(0.1 - 200) 
