sigmaSymDSCB =  0.068356 +/- 0.0052426 L(0.03 - 0.15) 
alphaInfSymDSCB =  0.99445 +/- 0.12371 L(0.1 - 10) 
orderInfSymDSCB =  4.1794 +/- 0.94806 L(0.1 - 20) 
alphaSupSymDSCB =  0.98587 +/- 0.13707 L(0.1 - 10) 
orderSupSymDSCB =  89.173 +/- 282.78 L(0.1 - 200) 
