sigmaSymDSCB =  0.079391 +/- 0.0025656 L(0.03 - 0.15) 
alphaInfSymDSCB =  1.2894 +/- 0.089352 L(0.1 - 10) 
orderInfSymDSCB =  2.9243 +/- 0.47404 L(0.1 - 20) 
alphaSupSymDSCB =  1.3909 +/- 0.13975 L(0.1 - 10) 
orderSupSymDSCB =  9.9259 +/- 5.2918 L(0.1 - 200) 
