sigmaSymDSCB =  0.080195 +/- 0.0021469 L(0.03 - 0.15) 
alphaInfSymDSCB =  1.3642 +/- 0.081878 L(0.1 - 10) 
orderInfSymDSCB =  2.3497 +/- 0.33395 L(0.1 - 20) 
alphaSupSymDSCB =  1.6037 +/- 0.14328 L(0.1 - 10) 
orderSupSymDSCB =  7.0444 +/- 2.7002 L(0.1 - 200) 
