sigmaSymDSCB =  0.082045 +/- 0.0024434 L(0.03 - 0.15) 
alphaInfSymDSCB =  1.1964 +/- 0.081804 L(0.1 - 10) 
orderInfSymDSCB =  3.5504 +/- 0.60983 L(0.1 - 20) 
alphaSupSymDSCB =  1.4344 +/- 0.11965 L(0.1 - 10) 
orderSupSymDSCB =  8.5810 +/- 3.5283 L(0.1 - 200) 
