sigmaSymDSCB =  0.085876 +/- 0.0016569 L(0.03 - 0.15) 
alphaInfSymDSCB =  1.4420 +/- 0.084601 L(0.1 - 10) 
orderInfSymDSCB =  2.1538 +/- 0.35473 L(0.1 - 20) 
alphaSupSymDSCB =  1.5669 +/- 0.099553 L(0.1 - 10) 
orderSupSymDSCB =  9.1992 +/- 4.2651 L(0.1 - 200) 
