sigmaSymDSCB =  0.076790 +/- 0.0050246 L(0.03 - 0.15) 
alphaInfSymDSCB =  1.1304 +/- 0.099683 L(0.1 - 10) 
orderInfSymDSCB =  3.3422 +/- 0.51832 L(0.1 - 20) 
alphaSupSymDSCB =  1.0577 +/- 0.15319 L(0.1 - 10) 
orderSupSymDSCB =  134.61 +/- 668.51 L(0.1 - 200) 
