sigmaSymDSCB =  0.078969 +/- 0.0013375 L(0.03 - 0.15) 
alphaInfSymDSCB =  1.1797 +/- 0.044328 L(0.1 - 10) 
orderInfSymDSCB =  3.2167 +/- 0.25197 L(0.1 - 20) 
alphaSupSymDSCB =  1.2803 +/- 0.049364 L(0.1 - 10) 
orderSupSymDSCB =  18.851 +/- 5.2962 L(0.1 - 200) 
