sigmaSymDSCB =  0.083701 +/- 0.0044405 L(0.03 - 0.15) 
alphaInfSymDSCB =  1.1168 +/- 0.12850 L(0.1 - 10) 
orderInfSymDSCB =  4.0350 +/- 1.0144 L(0.1 - 20) 
alphaSupSymDSCB =  1.1932 +/- 0.12992 L(0.1 - 10) 
orderSupSymDSCB =  28.751 +/- 28.307 L(0.1 - 200) 
