sigmaSymDSCB =  0.076516 +/- 0.0024799 L(0.03 - 0.15) 
alphaInfSymDSCB =  1.1703 +/- 0.076375 L(0.1 - 10) 
orderInfSymDSCB =  2.7174 +/- 0.36468 L(0.1 - 20) 
alphaSupSymDSCB =  1.1522 +/- 0.055660 L(0.1 - 10) 
orderSupSymDSCB =  144.73 +/- 66.165 L(0.1 - 200) 
