sigmaSymDSCB =  0.080731 +/- 0.0051363 L(0.03 - 0.15) 
alphaInfSymDSCB =  1.2064 +/- 0.14494 L(0.1 - 10) 
orderInfSymDSCB =  3.7822 +/- 0.98897 L(0.1 - 20) 
alphaSupSymDSCB =  1.4689 +/- 0.29731 L(0.1 - 10) 
orderSupSymDSCB =  7.5337 +/- 5.1930 L(0.1 - 200) 
