sigmaSymDSCB =  0.073254 +/- 0.0043035 L(0.03 - 0.15) 
alphaInfSymDSCB =  1.0822 +/- 0.10867 L(0.1 - 10) 
orderInfSymDSCB =  4.0801 +/- 0.81268 L(0.1 - 20) 
alphaSupSymDSCB =  1.1310 +/- 0.13593 L(0.1 - 10) 
orderSupSymDSCB =  32.092 +/- 36.728 L(0.1 - 200) 
