sigmaSymDSCB =  0.080829 +/- 0.0026870 L(0.03 - 0.15) 
alphaInfSymDSCB =  1.3262 +/- 0.10600 L(0.1 - 10) 
orderInfSymDSCB =  2.7495 +/- 0.50922 L(0.1 - 20) 
alphaSupSymDSCB =  1.1737 +/- 0.092150 L(0.1 - 10) 
orderSupSymDSCB =  44.533 +/- 71.910 L(0.1 - 200) 
