sigmaSymDSCB =  0.099261 +/- 0.0027416 L(0.03 - 0.15) 
alphaInfSymDSCB =  1.2163 +/- 0.089146 L(0.1 - 10) 
orderInfSymDSCB =  4.1888 +/- 0.89712 L(0.1 - 20) 
alphaSupSymDSCB =  1.2741 +/- 0.061972 L(0.1 - 10) 
orderSupSymDSCB =  146.97 +/- 111.29 L(0.1 - 200) 
