sigmaSymDSCB =  0.094286 +/- 0.0032689 L(0.03 - 0.15) 
alphaInfSymDSCB =  1.5856 +/- 0.22472 L(0.1 - 10) 
orderInfSymDSCB =  1.9378 +/- 0.76222 L(0.1 - 20) 
alphaSupSymDSCB =  1.9093 +/- 0.23748 L(0.1 - 10) 
orderSupSymDSCB =  7.7577 +/- 5.5045 L(0.1 - 200) 
