sigmaSymDSCB =  0.079268 +/- 0.0013877 L(0.03 - 0.15) 
alphaInfSymDSCB =  1.1640 +/- 0.045551 L(0.1 - 10) 
orderInfSymDSCB =  3.8139 +/- 0.33897 L(0.1 - 20) 
alphaSupSymDSCB =  1.1933 +/- 0.045215 L(0.1 - 10) 
orderSupSymDSCB =  28.248 +/- 12.135 L(0.1 - 200) 
