sigmaSymDSCB =  0.086080 +/- 0.0023600 L(0.03 - 0.15) 
alphaInfSymDSCB =  1.3499 +/- 0.092716 L(0.1 - 10) 
orderInfSymDSCB =  2.6789 +/- 0.48975 L(0.1 - 20) 
alphaSupSymDSCB =  1.3584 +/- 0.10975 L(0.1 - 10) 
orderSupSymDSCB =  11.982 +/- 6.8822 L(0.1 - 200) 
