sigmaSymDSCB =  0.075705 +/- 0.0014231 L(0.03 - 0.15) 
alphaInfSymDSCB =  1.1314 +/- 0.039722 L(0.1 - 10) 
orderInfSymDSCB =  3.6608 +/- 0.30825 L(0.1 - 20) 
alphaSupSymDSCB =  1.1548 +/- 0.051327 L(0.1 - 10) 
orderSupSymDSCB =  20.550 +/- 7.4897 L(0.1 - 200) 
