sigmaSymDSCB =  0.078233 +/- 0.0038679 L(0.03 - 0.15) 
alphaInfSymDSCB =  1.0483 +/- 0.11387 L(0.1 - 10) 
orderInfSymDSCB =  3.6272 +/- 0.78785 L(0.1 - 20) 
alphaSupSymDSCB =  1.2349 +/- 0.11589 L(0.1 - 10) 
orderSupSymDSCB =  67.689 +/- 162.06 L(0.1 - 200) 
