sigmaSymDSCB =  0.080817 +/- 0.0029042 L(0.03 - 0.15) 
alphaInfSymDSCB =  1.0662 +/- 0.084182 L(0.1 - 10) 
orderInfSymDSCB =  4.1020 +/- 0.77690 L(0.1 - 20) 
alphaSupSymDSCB =  1.2637 +/- 0.10186 L(0.1 - 10) 
orderSupSymDSCB =  18.703 +/- 13.224 L(0.1 - 200) 
