sigmaSymDSCB =  0.076712 +/- 0.0031929 L(0.03 - 0.15) 
alphaInfSymDSCB =  1.1065 +/- 0.11017 L(0.1 - 10) 
orderInfSymDSCB =  4.0780 +/- 0.93088 L(0.1 - 20) 
alphaSupSymDSCB =  1.2528 +/- 0.10124 L(0.1 - 10) 
orderSupSymDSCB =  14.787 +/- 8.6126 L(0.1 - 200) 
