sigmaSymDSCB =  0.077829 +/- 0.0035905 L(0.03 - 0.15) 
alphaInfSymDSCB =  1.2916 +/- 0.13492 L(0.1 - 10) 
orderInfSymDSCB =  2.5025 +/- 0.51293 L(0.1 - 20) 
alphaSupSymDSCB =  1.2092 +/- 0.11089 L(0.1 - 10) 
orderSupSymDSCB =  143.59 +/- 531.59 L(0.1 - 200) 
