sigmaSymDSCB =  0.073795 +/- 0.0045417 L(0.03 - 0.15) 
alphaInfSymDSCB =  0.94967 +/- 0.10123 L(0.1 - 10) 
orderInfSymDSCB =  5.6595 +/- 1.6133 L(0.1 - 20) 
alphaSupSymDSCB =  1.2528 +/- 0.18124 L(0.1 - 10) 
orderSupSymDSCB =  29.754 +/- 47.576 L(0.1 - 200) 
