sigmaSymDSCB =  0.078228 +/- 0.0046898 L(0.03 - 0.15) 
alphaInfSymDSCB =  1.2724 +/- 0.15047 L(0.1 - 10) 
orderInfSymDSCB =  2.6630 +/- 0.69050 L(0.1 - 20) 
alphaSupSymDSCB =  1.1803 +/- 0.10856 L(0.1 - 10) 
orderSupSymDSCB =  145.16 +/- 0.00025726 L(0.1 - 200) 
