sigmaSymDSCB =  0.075539 +/- 0.0049269 L(0.03 - 0.15) 
alphaInfSymDSCB =  1.0777 +/- 0.12559 L(0.1 - 10) 
orderInfSymDSCB =  3.9499 +/- 0.98143 L(0.1 - 20) 
alphaSupSymDSCB =  1.1881 +/- 0.17335 L(0.1 - 10) 
orderSupSymDSCB =  136.40 +/- 776.64 L(0.1 - 200) 
