sigmaSymDSCB =  0.077170 +/- 0.0038177 L(0.03 - 0.15) 
alphaInfSymDSCB =  1.3404 +/- 0.21379 L(0.1 - 10) 
orderInfSymDSCB =  2.6169 +/- 0.93107 L(0.1 - 20) 
alphaSupSymDSCB =  1.5176 +/- 0.16022 L(0.1 - 10) 
orderSupSymDSCB =  9.0911 +/- 5.2688 L(0.1 - 200) 
