sigmaSymDSCB =  0.088570 +/- 0.0022813 L(0.03 - 0.15) 
alphaInfSymDSCB =  1.6340 +/- 0.13170 L(0.1 - 10) 
orderInfSymDSCB =  1.8739 +/- 0.47272 L(0.1 - 20) 
alphaSupSymDSCB =  1.4541 +/- 0.12136 L(0.1 - 10) 
orderSupSymDSCB =  15.103 +/- 12.447 L(0.1 - 200) 
