sigmaSymDSCB =  0.069970 +/- 0.020268 L(0.03 - 0.15) 
alphaInfSymDSCB =  0.93132 +/- 0.49694 L(0.1 - 10) 
orderInfSymDSCB =  5.4140 +/- 5.0020 L(0.1 - 20) 
alphaSupSymDSCB =  1.0861 +/- 0.38688 L(0.1 - 10) 
orderSupSymDSCB =  139.70 +/- 0.012765 L(0.1 - 200) 
