sigmaSymDSCB =  0.078291 +/- 0.0051152 L(0.03 - 0.15) 
alphaInfSymDSCB =  1.2352 +/- 0.16327 L(0.1 - 10) 
orderInfSymDSCB =  3.0223 +/- 0.93025 L(0.1 - 20) 
alphaSupSymDSCB =  1.3684 +/- 0.27250 L(0.1 - 10) 
orderSupSymDSCB =  11.737 +/- 11.970 L(0.1 - 200) 
