sigmaSymDSCB =  0.077156 +/- 0.010474 L(0.03 - 0.15) 
alphaInfSymDSCB =  0.90312 +/- 0.24629 L(0.1 - 10) 
orderInfSymDSCB =  8.0755 +/- 5.9601 L(0.1 - 20) 
alphaSupSymDSCB =  1.2123 +/- 0.22146 L(0.1 - 10) 
orderSupSymDSCB =  141.93 +/- 0.0019478 L(0.1 - 200) 
